GEOID20,District0,District1
360290001101000,50.0,59.0
360290001101001,50.0,59.0
360290001101002,50.0,59.0
360290001101003,50.0,59.0
360290001101004,50.0,59.0
360290001101005,50.0,59.0
360290001101006,50.0,59.0
360290001102000,50.0,59.0
360290001102001,50.0,59.0
360290001102002,50.0,59.0
360290001102003,50.0,59.0
360290001102004,50.0,59.0
360290001102005,50.0,59.0
360290001103000,50.0,59.0
360290001103001,50.0,59.0
360290001103002,50.0,59.0
360290001103003,19.0,59.0
360290001103004,50.0,59.0
360290001103005,50.0,59.0
360290001103006,50.0,59.0
360290001103007,50.0,59.0
360290001103008,19.0,58.0
360290001103009,19.0,59.0
360290001103010,19.0,59.0
360290001103011,50.0,59.0
360290001103012,19.0,59.0
360290001103013,19.0,59.0
360290001103017,50.0,59.0
360290001103019,19.0,59.0
360290001103020,50.0,59.0
360290001103021,50.0,59.0
360290001103022,50.0,59.0
360290001103023,50.0,59.0
360290001103024,50.0,59.0
360290001103025,50.0,59.0
360290001103026,50.0,59.0
360290001103027,50.0,59.0
360290001103028,50.0,59.0
360290001103029,50.0,59.0
360290001103030,50.0,59.0
360290001103031,50.0,59.0
360290001103032,50.0,59.0
360290001103033,50.0,59.0
360290001103034,50.0,59.0
360290001103035,50.0,59.0
360290001103036,50.0,59.0
360290001103037,50.0,59.0
360290001103038,50.0,59.0
360290001103039,50.0,59.0
360290001103040,50.0,59.0
360290001103041,50.0,59.0
360290001103042,50.0,59.0
360290001103043,50.0,59.0
360290001103044,50.0,59.0
360290001103045,50.0,59.0
360290001103046,50.0,59.0
360290001103047,50.0,59.0
360290001103048,50.0,59.0
360290001103049,50.0,59.0
360290001103050,50.0,59.0
360290001103051,50.0,59.0
360290001103052,50.0,59.0
360290001103053,50.0,59.0
360290001103054,50.0,59.0
360290001103055,50.0,59.0
360290001103056,50.0,59.0
360290001103057,19.0,59.0
360290002001000,50.0,59.0
360290002001001,50.0,59.0
360290002001002,50.0,59.0
360290002001003,50.0,59.0
360290002001004,50.0,59.0
360290002001005,50.0,59.0
360290002001006,50.0,59.0
360290002001007,50.0,59.0
360290002001008,50.0,59.0
360290002001009,50.0,59.0
360290002001010,50.0,59.0
360290002001011,50.0,59.0
360290002001012,50.0,59.0
360290002001013,50.0,59.0
360290002002000,50.0,59.0
360290002002001,50.0,59.0
360290002002002,50.0,59.0
360290002002003,50.0,59.0
360290002002004,50.0,59.0
360290002002005,50.0,59.0
360290002003000,50.0,59.0
360290002003001,50.0,59.0
360290002003002,50.0,59.0
360290002003003,50.0,59.0
360290002003004,50.0,59.0
360290002003005,50.0,59.0
360290002004000,50.0,59.0
360290002004001,50.0,59.0
360290002004002,50.0,59.0
360290002004003,50.0,59.0
360290002004004,50.0,59.0
360290002004005,50.0,59.0
360290002004006,50.0,59.0
360290002004007,50.0,59.0
360290002004008,50.0,59.0
360290002004009,50.0,59.0
360290002004010,50.0,59.0
360290005001000,19.0,58.0
360290005001001,19.0,58.0
360290005001002,19.0,58.0
360290005001003,19.0,58.0
360290005001004,19.0,58.0
360290005001005,19.0,58.0
360290005001006,19.0,58.0
360290005001007,19.0,58.0
360290005001008,19.0,58.0
360290005001009,19.0,58.0
360290005001010,19.0,58.0
360290005001011,19.0,58.0
360290005001012,19.0,58.0
360290005001013,19.0,58.0
360290005001014,19.0,58.0
360290005001015,19.0,58.0
360290005001016,19.0,58.0
360290005001017,19.0,58.0
360290005001018,19.0,58.0
360290005001019,19.0,58.0
360290005001020,19.0,58.0
360290005001021,19.0,58.0
360290005001022,19.0,58.0
360290005001023,19.0,58.0
360290005001024,19.0,58.0
360290005001025,19.0,58.0
360290005001026,19.0,58.0
360290005001027,19.0,58.0
360290005001028,19.0,58.0
360290005001032,19.0,58.0
360290005001038,19.0,58.0
360290005001039,19.0,58.0
360290005001040,19.0,58.0
360290005001041,19.0,58.0
360290005001042,19.0,58.0
360290005001043,19.0,58.0
360290005001044,19.0,58.0
360290005001045,19.0,58.0
360290005001046,19.0,58.0
360290005001047,19.0,59.0
360290005001048,19.0,58.0
360290005001049,19.0,58.0
360290005001050,19.0,58.0
360290005001051,19.0,58.0
360290005001052,19.0,58.0
360290005001053,19.0,58.0
360290005001054,19.0,58.0
360290005001055,19.0,58.0
360290005001056,19.0,58.0
360290005001057,19.0,59.0
360290005002000,19.0,58.0
360290005002001,19.0,58.0
360290005002002,19.0,58.0
360290005002003,19.0,58.0
360290005002004,19.0,58.0
360290005002005,19.0,58.0
360290005002006,19.0,58.0
360290005002007,19.0,58.0
360290005002008,19.0,58.0
360290005002009,19.0,58.0
360290005002010,19.0,58.0
360290005002011,19.0,58.0
360290005002012,19.0,58.0
360290005002013,19.0,58.0
360290005002014,19.0,58.0
360290005002015,19.0,58.0
360290005002016,19.0,58.0
360290005002017,19.0,58.0
360290005002018,19.0,58.0
360290005002019,19.0,58.0
360290006001000,50.0,59.0
360290006001001,50.0,59.0
360290006001002,50.0,59.0
360290006001003,50.0,59.0
360290006001004,50.0,59.0
360290006001005,50.0,59.0
360290006002000,50.0,59.0
360290006002001,50.0,59.0
360290006002002,50.0,59.0
360290006002003,50.0,59.0
360290006002004,50.0,59.0
360290006002005,50.0,59.0
360290006003000,50.0,59.0
360290006003001,50.0,59.0
360290006003002,50.0,59.0
360290006003003,50.0,59.0
360290006003004,50.0,59.0
360290006003005,50.0,59.0
360290006004000,50.0,59.0
360290006004001,50.0,59.0
360290006004002,50.0,59.0
360290006004003,50.0,59.0
360290006004004,50.0,59.0
360290006004005,50.0,59.0
360290006004006,50.0,59.0
360290007001000,50.0,59.0
360290007001001,50.0,59.0
360290007001002,50.0,59.0
360290007001003,50.0,59.0
360290007001004,50.0,59.0
360290007001005,50.0,59.0
360290007002000,50.0,59.0
360290007002001,50.0,59.0
360290007002002,50.0,59.0
360290007002003,50.0,59.0
360290007002004,50.0,59.0
360290007002005,50.0,59.0
360290007003000,50.0,59.0
360290007003001,50.0,59.0
360290007003002,50.0,59.0
360290007003003,50.0,59.0
360290007003004,50.0,59.0
360290007003005,50.0,59.0
360290007003006,50.0,59.0
360290007004000,50.0,59.0
360290007004001,50.0,59.0
360290007004002,50.0,59.0
360290007004003,50.0,59.0
360290007004004,50.0,59.0
360290007004005,50.0,59.0
360290007005000,50.0,59.0
360290007005001,50.0,59.0
360290007005002,50.0,59.0
360290007005003,50.0,59.0
360290007005004,50.0,59.0
360290007005005,50.0,59.0
360290007005006,50.0,59.0
360290008001000,50.0,59.0
360290008001001,50.0,59.0
360290008001002,50.0,59.0
360290008001003,50.0,59.0
360290008001004,50.0,59.0
360290008001005,50.0,59.0
360290008001006,50.0,59.0
360290008001007,50.0,59.0
360290008002000,50.0,59.0
360290008002001,50.0,59.0
360290008002002,50.0,59.0
360290008002003,50.0,59.0
360290008002004,50.0,59.0
360290008002005,50.0,59.0
360290008002006,50.0,59.0
360290008002007,50.0,59.0
360290008002008,50.0,59.0
360290008002009,50.0,59.0
360290008002010,50.0,59.0
360290008002011,50.0,59.0
360290008003000,50.0,59.0
360290008003001,50.0,59.0
360290008003002,50.0,59.0
360290008003003,50.0,59.0
360290008003004,50.0,59.0
360290008003005,50.0,59.0
360290008003006,50.0,59.0
360290008003007,50.0,59.0
360290008003008,50.0,59.0
360290008003009,50.0,59.0
360290008003010,50.0,59.0
360290008003011,50.0,59.0
360290008004000,50.0,59.0
360290008004001,50.0,59.0
360290008004002,50.0,59.0
360290008004003,50.0,59.0
360290008004004,50.0,59.0
360290008004005,50.0,59.0
360290009001000,50.0,59.0
360290009001001,50.0,59.0
360290009001002,50.0,59.0
360290009001003,50.0,59.0
360290009001004,50.0,59.0
360290009001005,50.0,59.0
360290009001006,50.0,59.0
360290009002000,50.0,59.0
360290009002001,50.0,59.0
360290009002002,50.0,59.0
360290009002003,50.0,59.0
360290009002004,50.0,59.0
360290009002005,50.0,59.0
360290009002006,50.0,59.0
360290009002007,50.0,59.0
360290009002008,50.0,59.0
360290009002009,50.0,59.0
360290009002010,50.0,59.0
360290009002011,50.0,59.0
360290009003000,50.0,59.0
360290009003001,50.0,59.0
360290009003002,50.0,59.0
360290009003003,50.0,59.0
360290009003004,50.0,59.0
360290009003005,50.0,59.0
360290009003006,50.0,59.0
360290009003007,50.0,59.0
360290009003008,50.0,59.0
360290009003009,50.0,59.0
360290010001000,49.0,59.0
360290010001001,50.0,59.0
360290010001002,50.0,59.0
360290010001003,50.0,59.0
360290010001004,50.0,59.0
360290010001005,50.0,59.0
360290010001006,50.0,59.0
360290010001007,50.0,59.0
360290010001008,50.0,59.0
360290010001009,50.0,59.0
360290010001010,50.0,59.0
360290010001011,50.0,59.0
360290010001012,50.0,59.0
360290010001013,50.0,59.0
360290010001014,50.0,59.0
360290010002000,49.0,59.0
360290010002001,50.0,59.0
360290010002002,50.0,59.0
360290010002003,50.0,59.0
360290010002004,49.0,59.0
360290010003000,50.0,59.0
360290010003001,50.0,59.0
360290010003002,50.0,59.0
360290010003003,50.0,59.0
360290010003004,50.0,59.0
360290010003005,50.0,59.0
360290010003006,50.0,59.0
360290010003007,50.0,59.0
360290010003008,50.0,59.0
360290010003009,50.0,59.0
360290010003010,50.0,59.0
360290010004000,50.0,59.0
360290010004001,50.0,59.0
360290010004002,50.0,59.0
360290010004003,50.0,59.0
360290010004004,50.0,59.0
360290010004005,50.0,59.0
360290010004006,50.0,59.0
360290010004007,50.0,59.0
360290010004008,50.0,59.0
360290010005000,49.0,59.0
360290010005001,50.0,59.0
360290010005002,50.0,59.0
360290010005003,50.0,59.0
360290010005004,50.0,59.0
360290010005005,50.0,59.0
360290010005006,50.0,59.0
360290010005007,50.0,59.0
360290010005008,50.0,59.0
360290010005009,50.0,59.0
360290010005010,50.0,59.0
360290010005011,49.0,59.0
360290011001000,49.0,66.0
360290011001001,49.0,66.0
360290011001002,50.0,66.0
360290011001003,50.0,59.0
360290011001004,50.0,59.0
360290011001005,50.0,58.0
360290011001006,50.0,58.0
360290011001007,50.0,59.0
360290011001008,50.0,59.0
360290011001009,50.0,59.0
360290011001010,50.0,59.0
360290011002000,50.0,59.0
360290011002001,50.0,59.0
360290011002002,50.0,59.0
360290011002003,50.0,59.0
360290011002004,50.0,59.0
360290011002005,50.0,59.0
360290011003000,50.0,58.0
360290011003001,50.0,59.0
360290011003002,50.0,59.0
360290011003003,50.0,58.0
360290011003004,50.0,58.0
360290011003005,50.0,59.0
360290011003006,50.0,59.0
360290011003007,50.0,59.0
360290011003008,50.0,58.0
360290011003009,19.0,59.0
360290011003010,19.0,59.0
360290011003011,50.0,58.0
360290011003012,50.0,59.0
360290011003013,50.0,59.0
360290011003014,50.0,59.0
360290011003015,50.0,59.0
360290011003016,50.0,59.0
360290014031000,19.0,58.0
360290014031001,19.0,58.0
360290014031002,19.0,58.0
360290014031003,19.0,58.0
360290014031004,19.0,58.0
360290014031005,19.0,58.0
360290014031006,19.0,58.0
360290014031007,19.0,58.0
360290014032000,19.0,58.0
360290014032001,19.0,58.0
360290014032002,19.0,58.0
360290014032003,19.0,58.0
360290014032004,19.0,58.0
360290014032005,19.0,58.0
360290014032006,19.0,58.0
360290014032007,19.0,58.0
360290014032008,19.0,58.0
360290014032009,19.0,58.0
360290014032010,19.0,58.0
360290014032011,19.0,58.0
360290014032012,19.0,58.0
360290014041000,19.0,58.0
360290014041001,19.0,58.0
360290014041002,19.0,58.0
360290014041003,19.0,58.0
360290014042000,19.0,58.0
360290014042001,19.0,58.0
360290014042002,19.0,58.0
360290014042003,19.0,58.0
360290014042004,19.0,58.0
360290014042005,19.0,58.0
360290014042006,19.0,58.0
360290014042007,19.0,58.0
360290014042008,19.0,58.0
360290014042009,19.0,58.0
360290014042010,19.0,58.0
360290014042011,19.0,58.0
360290014042012,19.0,58.0
360290014042013,19.0,58.0
360290014042014,19.0,58.0
360290015001000,0.0,58.0
360290015001001,0.0,58.0
360290015001002,0.0,58.0
360290015001003,0.0,58.0
360290015001004,0.0,58.0
360290015001005,0.0,58.0
360290015001006,19.0,58.0
360290015001007,0.0,58.0
360290015001008,19.0,58.0
360290015001009,19.0,58.0
360290015001010,19.0,58.0
360290015001011,19.0,58.0
360290015001012,19.0,58.0
360290015001013,19.0,58.0
360290015001014,19.0,58.0
360290015001015,19.0,58.0
360290015001016,19.0,58.0
360290015001017,19.0,58.0
360290015001018,19.0,58.0
360290015001019,19.0,58.0
360290015001020,19.0,58.0
360290015001021,19.0,58.0
360290015001022,19.0,58.0
360290015001023,19.0,58.0
360290015001024,19.0,58.0
360290015001025,19.0,58.0
360290015001026,19.0,58.0
360290015001027,19.0,58.0
360290015001028,19.0,58.0
360290015001029,19.0,58.0
360290015001030,19.0,58.0
360290015001031,19.0,58.0
360290015002000,0.0,58.0
360290015002001,0.0,58.0
360290015002002,0.0,58.0
360290015002003,0.0,58.0
360290015002004,0.0,58.0
360290015002005,0.0,58.0
360290015002006,19.0,58.0
360290015002007,19.0,58.0
360290015002008,19.0,58.0
360290015002009,19.0,58.0
360290015002010,19.0,58.0
360290015002011,0.0,58.0
360290015002012,0.0,58.0
360290015002013,0.0,58.0
360290015002014,0.0,58.0
360290015002015,0.0,58.0
360290015003000,19.0,58.0
360290015003001,19.0,58.0
360290015003002,0.0,58.0
360290015003003,19.0,58.0
360290015003004,19.0,58.0
360290015003005,19.0,58.0
360290015003006,19.0,58.0
360290015003007,19.0,58.0
360290015003008,19.0,58.0
360290015003009,0.0,58.0
360290015003010,19.0,58.0
360290015003011,19.0,58.0
360290015003012,19.0,58.0
360290015003013,19.0,58.0
360290016011000,19.0,66.0
360290016011001,0.0,66.0
360290016011002,0.0,66.0
360290016011003,0.0,66.0
360290016011004,0.0,66.0
360290016011005,0.0,66.0
360290016011006,0.0,66.0
360290016011007,0.0,66.0
360290016011008,0.0,66.0
360290016011009,0.0,66.0
360290016011010,0.0,66.0
360290016011011,0.0,66.0
360290016011012,0.0,66.0
360290016011013,0.0,66.0
360290016011014,0.0,66.0
360290016011015,0.0,66.0
360290016011016,0.0,66.0
360290016011017,0.0,107.0
360290016011018,0.0,107.0
360290016011019,0.0,107.0
360290016011020,0.0,107.0
360290016011021,0.0,107.0
360290016011022,0.0,66.0
360290016021000,0.0,66.0
360290016021001,0.0,66.0
360290016021002,0.0,66.0
360290016021003,0.0,66.0
360290016021004,0.0,66.0
360290016021005,0.0,66.0
360290016021006,0.0,58.0
360290016021007,0.0,58.0
360290016021008,0.0,58.0
360290016021009,0.0,58.0
360290016021010,0.0,58.0
360290016021011,0.0,58.0
360290016021012,0.0,66.0
360290016021013,0.0,66.0
360290016021014,0.0,66.0
360290016021015,0.0,66.0
360290016021016,0.0,66.0
360290016021017,0.0,66.0
360290016021018,0.0,66.0
360290016021019,0.0,66.0
360290016021020,0.0,58.0
360290016021021,0.0,58.0
360290016021022,0.0,58.0
360290016021023,0.0,58.0
360290016021024,0.0,58.0
360290016021025,0.0,66.0
360290016021026,0.0,66.0
360290016021027,0.0,66.0
360290016021028,0.0,66.0
360290016021029,0.0,66.0
360290016021030,0.0,66.0
360290016021031,0.0,66.0
360290017001000,49.0,66.0
360290017001001,19.0,66.0
360290017001002,19.0,66.0
360290017001003,19.0,58.0
360290017001004,19.0,58.0
360290017001005,19.0,58.0
360290017001006,0.0,58.0
360290017001007,0.0,58.0
360290017001008,0.0,58.0
360290017001009,19.0,58.0
360290017001010,19.0,58.0
360290017001011,19.0,58.0
360290017001012,19.0,58.0
360290017001013,19.0,58.0
360290017001014,19.0,58.0
360290017001015,19.0,66.0
360290017001016,19.0,58.0
360290017001017,19.0,58.0
360290017001018,19.0,58.0
360290017001019,19.0,58.0
360290017001020,19.0,58.0
360290017001021,19.0,58.0
360290017001022,49.0,58.0
360290017001023,19.0,58.0
360290017002000,19.0,58.0
360290017002001,19.0,58.0
360290017002002,19.0,58.0
360290017002003,19.0,58.0
360290017002004,19.0,58.0
360290017002005,19.0,58.0
360290017002006,19.0,58.0
360290017002007,19.0,58.0
360290017002008,19.0,58.0
360290017002009,19.0,58.0
360290017002010,19.0,58.0
360290017002011,19.0,58.0
360290017002012,19.0,58.0
360290017002013,19.0,58.0
360290017002014,19.0,58.0
360290017002015,19.0,58.0
360290017002016,19.0,58.0
360290017002017,19.0,58.0
360290017002018,19.0,58.0
360290017002019,19.0,58.0
360290017002020,19.0,58.0
360290017002021,0.0,58.0
360290019001000,49.0,66.0
360290019001001,49.0,66.0
360290019001002,49.0,66.0
360290019001003,49.0,66.0
360290019001004,50.0,66.0
360290019001005,50.0,58.0
360290019001006,50.0,58.0
360290019001007,49.0,66.0
360290019001008,49.0,66.0
360290019002000,49.0,107.0
360290019002001,49.0,107.0
360290019002002,49.0,107.0
360290019002003,49.0,66.0
360290019002004,49.0,107.0
360290019002005,49.0,107.0
360290019002006,49.0,66.0
360290019002007,49.0,66.0
360290019002008,49.0,66.0
360290019002009,49.0,66.0
360290019002010,49.0,107.0
360290019002011,49.0,107.0
360290019003000,49.0,107.0
360290019003001,49.0,66.0
360290019003002,49.0,66.0
360290019003003,49.0,66.0
360290019003004,49.0,66.0
360290023001000,49.0,107.0
360290023001001,49.0,107.0
360290023001002,49.0,107.0
360290023001003,49.0,107.0
360290023001004,49.0,107.0
360290023001005,49.0,107.0
360290023001006,49.0,107.0
360290023001007,49.0,107.0
360290023001008,49.0,107.0
360290023001009,49.0,107.0
360290023001010,49.0,107.0
360290023002000,49.0,107.0
360290023002001,49.0,107.0
360290023002002,49.0,107.0
360290023002003,49.0,107.0
360290023002004,49.0,107.0
360290023002005,49.0,107.0
360290023003000,49.0,107.0
360290023003001,49.0,107.0
360290023003002,49.0,107.0
360290023003003,49.0,107.0
360290023003004,49.0,107.0
360290023003005,49.0,107.0
360290023004000,49.0,107.0
360290023004001,49.0,107.0
360290023004002,49.0,107.0
360290023004003,49.0,107.0
360290023004004,49.0,107.0
360290023004005,49.0,107.0
360290024001000,49.0,107.0
360290024001001,49.0,107.0
360290024001002,49.0,107.0
360290024001003,49.0,107.0
360290024001004,49.0,107.0
360290024001005,49.0,107.0
360290024001006,49.0,107.0
360290024002000,49.0,107.0
360290024002001,49.0,107.0
360290024002002,49.0,107.0
360290024002003,49.0,107.0
360290024002004,49.0,107.0
360290024002005,49.0,107.0
360290024002006,49.0,107.0
360290024003000,49.0,107.0
360290024003001,49.0,107.0
360290024003002,49.0,107.0
360290024003003,49.0,107.0
360290024003004,49.0,107.0
360290024003005,49.0,107.0
360290024003006,49.0,107.0
360290024003007,49.0,107.0
360290024003008,49.0,107.0
360290024003009,49.0,107.0
360290024003010,49.0,107.0
360290024003011,49.0,107.0
360290024003012,49.0,107.0
360290024003013,49.0,107.0
360290024004000,49.0,107.0
360290024004001,49.0,107.0
360290024004002,49.0,107.0
360290024004003,49.0,107.0
360290024004004,49.0,107.0
360290024004005,49.0,107.0
360290024004006,49.0,107.0
360290024004007,49.0,107.0
360290024004008,49.0,107.0
360290024004009,49.0,107.0
360290024004010,49.0,107.0
360290024005000,49.0,107.0
360290024005001,19.0,107.0
360290024005002,19.0,107.0
360290024005003,19.0,107.0
360290024005004,19.0,107.0
360290024005005,0.0,107.0
360290024005006,0.0,107.0
360290024005007,0.0,107.0
360290024005008,0.0,107.0
360290024005009,0.0,107.0
360290024005010,0.0,107.0
360290024005011,0.0,107.0
360290024005012,19.0,107.0
360290024005013,0.0,107.0
360290024005014,0.0,107.0
360290024005015,0.0,107.0
360290024005016,19.0,107.0
360290024005017,19.0,66.0
360290025021000,0.0,58.0
360290025021001,0.0,58.0
360290025021002,0.0,58.0
360290025021003,0.0,58.0
360290025021004,0.0,58.0
360290025021005,0.0,58.0
360290025021006,0.0,58.0
360290025021007,0.0,58.0
360290025021008,0.0,58.0
360290025021009,0.0,58.0
360290025021010,0.0,58.0
360290025021011,0.0,58.0
360290025021012,0.0,58.0
360290025021013,19.0,58.0
360290025021014,0.0,58.0
360290025021015,0.0,58.0
360290025021016,0.0,58.0
360290025021017,0.0,58.0
360290025021018,0.0,58.0
360290025022000,0.0,58.0
360290025022001,0.0,58.0
360290025022002,0.0,58.0
360290025022003,0.0,58.0
360290025022004,19.0,58.0
360290025022005,19.0,58.0
360290025022006,19.0,58.0
360290025022007,19.0,58.0
360290025022008,19.0,58.0
360290025022009,19.0,58.0
360290025022010,19.0,58.0
360290025022011,19.0,58.0
360290025022012,0.0,58.0
360290025023000,0.0,58.0
360290025023001,0.0,58.0
360290025023002,0.0,58.0
360290025023003,0.0,58.0
360290025023004,0.0,58.0
360290025023005,0.0,58.0
360290025023006,0.0,58.0
360290025023007,0.0,58.0
360290025023008,0.0,58.0
360290025023009,0.0,58.0
360290025023010,0.0,58.0
360290025023011,0.0,58.0
360290025023012,19.0,58.0
360290025023013,0.0,58.0
360290025023014,0.0,58.0
360290025023015,0.0,58.0
360290025023016,19.0,58.0
360290025023017,19.0,58.0
360290025023018,0.0,58.0
360290025023019,19.0,58.0
360290025023020,19.0,58.0
360290025023021,0.0,58.0
360290025023022,0.0,58.0
360290025023023,19.0,58.0
360290027031000,0.0,66.0
360290027031001,0.0,66.0
360290027031002,0.0,66.0
360290027031003,0.0,66.0
360290027031004,0.0,66.0
360290027031005,0.0,66.0
360290027031006,0.0,66.0
360290027031007,0.0,66.0
360290027031008,0.0,66.0
360290027031009,0.0,66.0
360290027031010,0.0,66.0
360290027031011,0.0,66.0
360290027031012,0.0,66.0
360290027031013,0.0,66.0
360290027031014,0.0,66.0
360290027031015,0.0,66.0
360290027031016,0.0,66.0
360290027041000,0.0,66.0
360290027041001,0.0,66.0
360290027041002,0.0,66.0
360290027041003,0.0,66.0
360290027041004,0.0,66.0
360290027041005,0.0,66.0
360290027042000,0.0,66.0
360290027042001,0.0,66.0
360290027042002,0.0,66.0
360290027042003,0.0,66.0
360290027042004,0.0,66.0
360290027042005,0.0,66.0
360290027043000,0.0,66.0
360290027043001,0.0,66.0
360290027043002,0.0,66.0
360290027043003,0.0,66.0
360290027043004,0.0,66.0
360290027043005,0.0,66.0
360290028011000,49.0,107.0
360290028011001,19.0,107.0
360290028011002,19.0,107.0
360290028011003,0.0,107.0
360290028011004,0.0,107.0
360290028011005,0.0,107.0
360290028011006,0.0,107.0
360290028011007,0.0,66.0
360290028011008,0.0,107.0
360290028011009,0.0,107.0
360290028011010,19.0,107.0
360290028012000,49.0,107.0
360290028012001,49.0,107.0
360290028012002,49.0,107.0
360290028012003,49.0,107.0
360290028012004,49.0,107.0
360290028021000,49.0,107.0
360290028021001,49.0,107.0
360290028021002,49.0,107.0
360290028021003,49.0,107.0
360290028021004,49.0,107.0
360290028021005,49.0,107.0
360290028021006,49.0,107.0
360290028021007,49.0,107.0
360290028021008,0.0,107.0
360290028021009,0.0,66.0
360290028021010,0.0,66.0
360290028021011,0.0,66.0
360290028021012,0.0,66.0
360290028021013,0.0,66.0
360290028021014,0.0,66.0
360290028021015,0.0,107.0
360290028021016,49.0,107.0
360290028021017,49.0,107.0
360290028021018,49.0,107.0
360290028021019,49.0,107.0
360290029001000,49.0,107.0
360290029001001,49.0,107.0
360290029001002,49.0,107.0
360290029001003,49.0,107.0
360290029001004,49.0,107.0
360290029001005,49.0,107.0
360290029002000,49.0,107.0
360290029002001,49.0,107.0
360290029002002,49.0,107.0
360290029002003,49.0,107.0
360290029002004,49.0,107.0
360290029002005,49.0,107.0
360290029002006,49.0,107.0
360290029003000,49.0,107.0
360290029003001,49.0,107.0
360290029003002,0.0,107.0
360290029003003,0.0,107.0
360290029003004,0.0,107.0
360290029003005,0.0,107.0
360290029004000,0.0,107.0
360290029004001,0.0,66.0
360290029004002,0.0,66.0
360290029004003,0.0,66.0
360290029004004,0.0,66.0
360290029004005,0.0,66.0
360290029004006,0.0,107.0
360290030001000,49.0,107.0
360290030001001,49.0,107.0
360290030001002,49.0,107.0
360290030001003,49.0,107.0
360290030001004,49.0,107.0
360290030001005,49.0,107.0
360290030002000,49.0,107.0
360290030002001,49.0,107.0
360290030002002,49.0,107.0
360290030002003,49.0,107.0
360290030002004,49.0,107.0
360290030002005,49.0,107.0
360290030002006,49.0,107.0
360290030002007,49.0,107.0
360290030002008,49.0,107.0
360290030002009,49.0,107.0
360290030002010,49.0,107.0
360290030002011,49.0,107.0
360290030002012,49.0,107.0
360290030002013,49.0,107.0
360290030003000,49.0,107.0
360290030003001,49.0,107.0
360290030003002,49.0,107.0
360290030003003,49.0,107.0
360290030003004,49.0,107.0
360290031001000,0.0,58.0
360290031001001,0.0,58.0
360290031001002,0.0,58.0
360290031001003,0.0,58.0
360290031001004,0.0,58.0
360290031001005,0.0,58.0
360290031001006,0.0,58.0
360290031001007,0.0,58.0
360290031001008,0.0,58.0
360290031001009,0.0,58.0
360290031001010,0.0,58.0
360290031001011,0.0,58.0
360290031001012,0.0,58.0
360290031001013,0.0,58.0
360290031001014,0.0,58.0
360290031001015,0.0,58.0
360290031001016,0.0,58.0
360290031001017,0.0,58.0
360290031001018,0.0,58.0
360290031001019,0.0,58.0
360290031001020,0.0,58.0
360290031002000,0.0,58.0
360290031002001,0.0,58.0
360290031002002,0.0,58.0
360290031002003,0.0,58.0
360290031002004,0.0,58.0
360290031002005,0.0,58.0
360290031002006,0.0,58.0
360290031002007,0.0,58.0
360290031002008,0.0,58.0
360290031002009,0.0,58.0
360290031002010,0.0,58.0
360290031002011,0.0,58.0
360290031002012,0.0,58.0
360290031002013,0.0,58.0
360290031002014,0.0,58.0
360290031002015,0.0,58.0
360290031002016,0.0,58.0
360290031002017,0.0,58.0
360290031002018,0.0,58.0
360290031003000,0.0,58.0
360290031003001,0.0,58.0
360290031003002,0.0,58.0
360290031003003,0.0,58.0
360290031003004,0.0,58.0
360290031003005,0.0,58.0
360290031003006,0.0,58.0
360290031003007,0.0,58.0
360290031003008,0.0,58.0
360290031003009,0.0,58.0
360290031003010,0.0,58.0
360290031003011,0.0,58.0
360290031003012,0.0,58.0
360290031003013,0.0,58.0
360290031003014,0.0,58.0
360290031003015,0.0,58.0
360290031003016,0.0,58.0
360290031003017,0.0,58.0
360290031003018,0.0,58.0
360290031004000,0.0,58.0
360290031004001,0.0,58.0
360290031004002,0.0,58.0
360290031004003,0.0,58.0
360290031004004,0.0,58.0
360290031004005,0.0,58.0
360290031004006,0.0,58.0
360290031004007,19.0,58.0
360290031004008,0.0,58.0
360290031004009,0.0,58.0
360290031004010,0.0,58.0
360290031004011,0.0,58.0
360290031004012,0.0,58.0
360290031004013,0.0,58.0
360290031004014,0.0,58.0
360290031004015,0.0,58.0
360290031004016,0.0,58.0
360290031004017,0.0,58.0
360290031004018,0.0,58.0
360290033011000,11.0,66.0
360290033011001,11.0,66.0
360290033011002,11.0,66.0
360290033011003,11.0,66.0
360290033012000,12.0,66.0
360290033012001,12.0,66.0
360290033012002,12.0,66.0
360290033012003,11.0,66.0
360290033012004,11.0,66.0
360290033012005,11.0,66.0
360290033012006,12.0,66.0
360290033012007,12.0,66.0
360290033012008,11.0,66.0
360290033012009,11.0,66.0
360290033012010,12.0,66.0
360290033012011,11.0,66.0
360290033013000,0.0,66.0
360290033013001,11.0,66.0
360290033013002,11.0,66.0
360290033013003,11.0,66.0
360290033013004,0.0,66.0
360290033013005,0.0,66.0
360290033013006,11.0,66.0
360290033014000,11.0,66.0
360290033014001,11.0,66.0
360290033014002,11.0,66.0
360290033014003,11.0,66.0
360290033014004,11.0,66.0
360290033021000,0.0,66.0
360290033021001,0.0,66.0
360290033021002,0.0,66.0
360290033021003,0.0,66.0
360290033021004,0.0,66.0
360290033021005,0.0,66.0
360290033021006,0.0,66.0
360290033021007,0.0,66.0
360290033021008,0.0,66.0
360290033021009,0.0,66.0
360290033021010,0.0,66.0
360290033021011,0.0,66.0
360290033021012,0.0,66.0
360290033022000,0.0,66.0
360290033022001,0.0,66.0
360290033022002,0.0,66.0
360290033022003,0.0,66.0
360290033022004,0.0,66.0
360290033022005,0.0,66.0
360290033022006,0.0,66.0
360290033022007,0.0,66.0
360290033022008,0.0,66.0
360290033022009,0.0,66.0
360290033022010,0.0,66.0
360290033022011,0.0,66.0
360290033022012,0.0,66.0
360290033022013,0.0,66.0
360290033022014,0.0,66.0
360290033023000,0.0,66.0
360290033023001,0.0,66.0
360290033023002,0.0,66.0
360290033023003,0.0,66.0
360290033023004,0.0,66.0
360290033023005,0.0,66.0
360290033023006,0.0,66.0
360290033023007,0.0,66.0
360290033023008,0.0,66.0
360290033023009,0.0,66.0
360290033023010,0.0,66.0
360290033023011,0.0,66.0
360290033023012,0.0,66.0
360290033023013,0.0,66.0
360290033023014,0.0,66.0
360290033023015,0.0,66.0
360290033024000,0.0,58.0
360290033024001,0.0,58.0
360290033024002,0.0,58.0
360290033024003,0.0,58.0
360290033024004,0.0,66.0
360290033024005,0.0,58.0
360290034001000,12.0,108.0
360290034001001,12.0,108.0
360290034001002,0.0,108.0
360290034001003,0.0,108.0
360290034001004,0.0,108.0
360290034001005,0.0,108.0
360290034002000,12.0,108.0
360290034002001,12.0,108.0
360290034002002,0.0,108.0
360290034002003,0.0,108.0
360290034002004,0.0,108.0
360290034002005,0.0,108.0
360290034003000,12.0,66.0
360290034003001,12.0,66.0
360290034003002,12.0,66.0
360290034003003,0.0,66.0
360290034003004,0.0,66.0
360290034003005,0.0,66.0
360290034003006,0.0,66.0
360290034004000,0.0,66.0
360290034004001,0.0,66.0
360290034004002,0.0,66.0
360290034004003,0.0,66.0
360290034005000,12.0,108.0
360290034005001,12.0,108.0
360290034005002,12.0,66.0
360290034005003,12.0,108.0
360290034005004,12.0,108.0
360290034005005,12.0,108.0
360290034005006,12.0,108.0
360290034005007,12.0,66.0
360290034005008,12.0,66.0
360290034005009,12.0,66.0
360290034005010,12.0,66.0
360290034005011,12.0,66.0
360290034005012,12.0,66.0
360290034005013,0.0,66.0
360290034005014,0.0,66.0
360290034005015,0.0,66.0
360290034005016,0.0,108.0
360290034005017,0.0,108.0
360290035011000,0.0,66.0
360290035011001,0.0,66.0
360290035011002,0.0,66.0
360290035011003,0.0,66.0
360290035011004,0.0,66.0
360290035011005,0.0,66.0
360290035011006,0.0,66.0
360290035011007,0.0,66.0
360290035011008,0.0,66.0
360290035011009,0.0,66.0
360290035011010,0.0,66.0
360290035011011,0.0,66.0
360290035011012,0.0,66.0
360290035011013,0.0,66.0
360290035011014,0.0,66.0
360290035011015,0.0,66.0
360290035011016,0.0,66.0
360290035011017,0.0,66.0
360290035012000,0.0,108.0
360290035012001,0.0,66.0
360290035012002,0.0,66.0
360290035012003,0.0,66.0
360290035012004,0.0,66.0
360290035012005,0.0,66.0
360290035012006,0.0,66.0
360290035012007,0.0,66.0
360290035012008,0.0,66.0
360290035012009,0.0,66.0
360290035012010,0.0,66.0
360290035021000,0.0,66.0
360290035021001,0.0,66.0
360290035021002,0.0,66.0
360290035021003,0.0,66.0
360290035021004,0.0,66.0
360290035021005,0.0,66.0
360290035021006,0.0,66.0
360290035021007,0.0,66.0
360290035021008,0.0,66.0
360290035021009,0.0,66.0
360290035022000,0.0,66.0
360290035022001,0.0,66.0
360290035022002,0.0,66.0
360290035022003,0.0,66.0
360290035022004,0.0,66.0
360290035022005,0.0,66.0
360290035022006,0.0,66.0
360290035022007,0.0,66.0
360290035022008,0.0,66.0
360290035022009,0.0,66.0
360290035022010,0.0,66.0
360290035022011,0.0,66.0
360290035022012,0.0,66.0
360290035022013,0.0,66.0
360290035022014,0.0,66.0
360290035022015,0.0,66.0
360290035022016,0.0,66.0
360290035022017,0.0,66.0
360290035022018,0.0,66.0
360290035022019,0.0,66.0
360290035022020,0.0,66.0
360290035022021,0.0,66.0
360290035022022,0.0,66.0
360290036001000,43.0,108.0
360290036001001,49.0,108.0
360290036001002,49.0,108.0
360290036001003,49.0,108.0
360290036001004,49.0,108.0
360290036001005,49.0,108.0
360290036001006,49.0,108.0
360290036001007,49.0,108.0
360290036001008,49.0,107.0
360290036001009,49.0,107.0
360290036001010,49.0,108.0
360290036002000,0.0,107.0
360290036002001,0.0,107.0
360290036002002,0.0,66.0
360290036003000,49.0,107.0
360290036003001,49.0,108.0
360290036003002,49.0,108.0
360290036003003,49.0,107.0
360290036003004,49.0,107.0
360290036003005,49.0,107.0
360290036003006,49.0,108.0
360290036003007,49.0,108.0
360290036003008,49.0,107.0
360290036003009,49.0,107.0
360290036004000,49.0,108.0
360290036004001,12.0,108.0
360290036004002,12.0,108.0
360290036004003,12.0,108.0
360290036004004,0.0,108.0
360290036004005,0.0,108.0
360290036004006,0.0,108.0
360290036004007,0.0,108.0
360290036004008,0.0,108.0
360290036004009,0.0,108.0
360290036004010,49.0,108.0
360290036004011,49.0,108.0
360290036004012,0.0,108.0
360290036004013,0.0,108.0
360290036004014,0.0,108.0
360290037001000,49.0,107.0
360290037001001,49.0,107.0
360290037001002,49.0,107.0
360290037001003,49.0,107.0
360290037001004,49.0,107.0
360290037001005,49.0,107.0
360290037001006,49.0,107.0
360290037002000,49.0,107.0
360290037002001,49.0,107.0
360290037002002,49.0,107.0
360290037002003,49.0,107.0
360290037002004,49.0,107.0
360290037002005,49.0,107.0
360290037002006,49.0,107.0
360290037002007,49.0,107.0
360290037003000,49.0,107.0
360290037003001,49.0,107.0
360290037003002,49.0,108.0
360290037003003,43.0,108.0
360290037003004,49.0,108.0
360290037003005,49.0,108.0
360290037004000,49.0,107.0
360290037004001,49.0,108.0
360290037004002,49.0,108.0
360290037004003,49.0,108.0
360290037004004,49.0,107.0
360290037004005,49.0,107.0
360290037004006,49.0,107.0
360290037004007,49.0,107.0
360290037004008,49.0,107.0
360290037004009,49.0,107.0
360290037004010,49.0,107.0
360290037004011,49.0,107.0
360290038001000,43.0,107.0
360290038001001,43.0,107.0
360290038001002,43.0,107.0
360290038001003,49.0,107.0
360290038001004,49.0,107.0
360290038001005,49.0,107.0
360290038001006,43.0,107.0
360290038002000,43.0,107.0
360290038002001,43.0,107.0
360290038002002,43.0,107.0
360290038002003,43.0,107.0
360290038002004,49.0,107.0
360290038002005,49.0,107.0
360290038003000,49.0,107.0
360290038003001,49.0,107.0
360290038003002,43.0,107.0
360290038003003,43.0,107.0
360290038003004,49.0,107.0
360290039011000,43.0,103.0
360290039011001,43.0,103.0
360290039011002,12.0,103.0
360290039011003,12.0,103.0
360290039011004,12.0,103.0
360290039011005,12.0,103.0
360290039011006,12.0,103.0
360290039011007,43.0,103.0
360290039011008,43.0,103.0
360290039011009,43.0,103.0
360290039011010,43.0,103.0
360290039011011,43.0,103.0
360290039011012,12.0,103.0
360290039011013,12.0,103.0
360290039011014,12.0,103.0
360290039011015,12.0,103.0
360290039011016,12.0,103.0
360290039011017,12.0,103.0
360290039011018,12.0,103.0
360290039011019,12.0,103.0
360290040021000,12.0,103.0
360290040021001,12.0,103.0
360290040021002,12.0,103.0
360290040021003,12.0,103.0
360290040021004,12.0,103.0
360290040021005,12.0,103.0
360290040021006,12.0,103.0
360290040021007,12.0,103.0
360290040021008,12.0,103.0
360290040021009,12.0,103.0
360290040021010,12.0,103.0
360290040021011,12.0,103.0
360290040021012,12.0,103.0
360290040021013,12.0,103.0
360290040021014,12.0,103.0
360290040021015,12.0,66.0
360290040022000,12.0,103.0
360290040022001,12.0,103.0
360290040022002,12.0,103.0
360290040022003,12.0,103.0
360290040022004,12.0,103.0
360290040022005,12.0,103.0
360290040022006,12.0,103.0
360290040031000,43.0,103.0
360290040031001,43.0,103.0
360290040031002,43.0,103.0
360290040031003,43.0,103.0
360290040031004,12.0,103.0
360290040031005,12.0,103.0
360290040031006,12.0,103.0
360290040031007,12.0,103.0
360290040032000,12.0,103.0
360290040032001,12.0,103.0
360290040032002,12.0,103.0
360290040032003,12.0,103.0
360290040032004,12.0,103.0
360290040032005,12.0,103.0
360290040032006,12.0,103.0
360290040032007,12.0,103.0
360290040032008,12.0,103.0
360290040033000,43.0,103.0
360290040033001,12.0,103.0
360290040033002,12.0,103.0
360290040033003,12.0,103.0
360290040033004,12.0,103.0
360290040033005,12.0,103.0
360290040033006,12.0,103.0
360290040033007,12.0,103.0
360290040033008,12.0,103.0
360290040033009,12.0,103.0
360290040033010,12.0,103.0
360290041001000,43.0,108.0
360290041001001,43.0,108.0
360290041001002,49.0,108.0
360290041001003,43.0,108.0
360290041001004,49.0,108.0
360290041001005,49.0,108.0
360290041001006,49.0,108.0
360290041001007,49.0,108.0
360290041001008,49.0,108.0
360290041001009,49.0,108.0
360290041001010,49.0,108.0
360290041002000,43.0,108.0
360290041002001,43.0,108.0
360290041002002,43.0,108.0
360290041002003,43.0,108.0
360290041002004,43.0,107.0
360290041002005,49.0,107.0
360290041002006,43.0,108.0
360290041002007,43.0,108.0
360290041002008,43.0,108.0
360290041003000,49.0,108.0
360290041003001,43.0,108.0
360290041003002,43.0,108.0
360290041003003,43.0,108.0
360290041003004,43.0,108.0
360290041003005,43.0,108.0
360290041003006,43.0,108.0
360290041004000,43.0,107.0
360290041004001,43.0,108.0
360290041004002,49.0,107.0
360290041004003,49.0,107.0
360290041004004,49.0,107.0
360290042001000,43.0,108.0
360290042001001,43.0,108.0
360290042001002,43.0,108.0
360290042001003,43.0,108.0
360290042001004,43.0,108.0
360290042001005,43.0,108.0
360290042002000,43.0,108.0
360290042002001,43.0,108.0
360290042002002,43.0,108.0
360290042002003,43.0,108.0
360290042002004,43.0,108.0
360290042002005,43.0,108.0
360290042003000,43.0,108.0
360290042003001,43.0,108.0
360290042003002,43.0,108.0
360290042003003,43.0,108.0
360290042003004,43.0,108.0
360290042003005,43.0,108.0
360290042003006,43.0,108.0
360290042004000,43.0,108.0
360290042004001,43.0,108.0
360290042004002,43.0,108.0
360290042004003,43.0,108.0
360290042005000,43.0,108.0
360290042005001,43.0,108.0
360290042005002,43.0,108.0
360290042005003,43.0,108.0
360290042005004,43.0,108.0
360290042005005,43.0,108.0
360290042005006,43.0,108.0
360290042005007,43.0,108.0
360290043001000,12.0,103.0
360290043001001,12.0,103.0
360290043001002,12.0,108.0
360290043001003,43.0,108.0
360290043001004,43.0,108.0
360290043001005,43.0,108.0
360290043002000,43.0,108.0
360290043002001,43.0,108.0
360290043002002,43.0,108.0
360290043002003,43.0,108.0
360290043002004,43.0,108.0
360290043002005,43.0,108.0
360290043003000,43.0,108.0
360290043003001,43.0,108.0
360290043003002,43.0,108.0
360290043003003,43.0,108.0
360290043003004,43.0,108.0
360290043003005,43.0,108.0
360290043004000,12.0,103.0
360290043004001,43.0,108.0
360290043004002,12.0,103.0
360290043004003,12.0,103.0
360290043004004,43.0,108.0
360290043004005,43.0,108.0
360290043004006,43.0,108.0
360290043004007,43.0,108.0
360290043004008,43.0,108.0
360290043005000,12.0,103.0
360290043005001,12.0,103.0
360290043005002,43.0,103.0
360290043005003,43.0,108.0
360290043005004,43.0,108.0
360290043005005,43.0,108.0
360290043006000,43.0,108.0
360290043006001,43.0,108.0
360290043006002,43.0,108.0
360290043006003,43.0,108.0
360290043006004,43.0,108.0
360290043006005,43.0,108.0
360290043006006,43.0,108.0
360290043006007,43.0,108.0
360290043006008,43.0,108.0
360290043006009,43.0,108.0
360290043006010,43.0,108.0
360290043007000,43.0,108.0
360290043007001,43.0,108.0
360290043007002,43.0,108.0
360290043007003,43.0,108.0
360290043007004,43.0,108.0
360290043007005,43.0,108.0
360290044011000,43.0,108.0
360290044011001,43.0,108.0
360290044011002,43.0,108.0
360290044011003,43.0,108.0
360290044011004,43.0,108.0
360290044011005,43.0,108.0
360290044012000,43.0,108.0
360290044012001,43.0,108.0
360290044012002,43.0,108.0
360290044012003,43.0,108.0
360290044012004,43.0,108.0
360290044012005,43.0,108.0
360290044012006,43.0,108.0
360290044012007,43.0,108.0
360290044012008,43.0,108.0
360290044013000,43.0,108.0
360290044013001,43.0,108.0
360290044013002,43.0,108.0
360290044013003,43.0,108.0
360290044013004,43.0,108.0
360290044013005,43.0,108.0
360290044013006,43.0,108.0
360290044013007,43.0,108.0
360290044013008,43.0,108.0
360290044013009,43.0,108.0
360290044014000,43.0,108.0
360290044014001,43.0,108.0
360290044014002,43.0,108.0
360290044014003,43.0,108.0
360290044014004,43.0,108.0
360290044014005,43.0,108.0
360290044021000,43.0,108.0
360290044021001,43.0,108.0
360290044021002,43.0,107.0
360290044021003,43.0,107.0
360290044021004,43.0,107.0
360290044021005,43.0,107.0
360290044021006,43.0,107.0
360290044021007,43.0,107.0
360290044022000,43.0,108.0
360290044022001,43.0,108.0
360290044022002,43.0,108.0
360290044022003,43.0,108.0
360290044022004,43.0,108.0
360290044022005,43.0,108.0
360290044022006,43.0,108.0
360290044022007,43.0,108.0
360290044022008,43.0,108.0
360290044022009,43.0,108.0
360290045001000,12.0,103.0
360290045001001,12.0,103.0
360290045001002,12.0,103.0
360290045001003,12.0,103.0
360290045001004,12.0,103.0
360290045001005,12.0,103.0
360290045001006,12.0,103.0
360290045001007,43.0,103.0
360290045001008,43.0,103.0
360290045001009,12.0,103.0
360290045001010,43.0,103.0
360290045001011,43.0,103.0
360290045002000,43.0,103.0
360290045002001,43.0,103.0
360290045002002,43.0,103.0
360290045002003,43.0,103.0
360290045002004,43.0,103.0
360290045002005,43.0,103.0
360290045002006,43.0,103.0
360290045002007,12.0,103.0
360290045002008,43.0,103.0
360290045002009,43.0,103.0
360290045003000,12.0,103.0
360290045003001,12.0,103.0
360290045003002,12.0,103.0
360290045003003,12.0,103.0
360290045003004,12.0,103.0
360290045003005,12.0,103.0
360290045003006,12.0,103.0
360290045003007,12.0,103.0
360290045003008,12.0,103.0
360290045003009,12.0,103.0
360290045003010,12.0,103.0
360290045003011,12.0,103.0
360290045003012,12.0,103.0
360290045003013,12.0,103.0
360290045003014,12.0,103.0
360290045003015,12.0,103.0
360290045004000,43.0,103.0
360290045004001,12.0,103.0
360290045004002,12.0,103.0
360290045004003,12.0,103.0
360290045004004,12.0,103.0
360290045004005,12.0,103.0
360290045004006,12.0,103.0
360290045004007,12.0,103.0
360290045004008,43.0,103.0
360290045004009,43.0,103.0
360290045004010,12.0,103.0
360290045004011,12.0,103.0
360290045004012,12.0,103.0
360290045004013,43.0,103.0
360290045004014,12.0,103.0
360290045004015,12.0,103.0
360290045004016,12.0,103.0
360290045004017,12.0,103.0
360290045004018,12.0,103.0
360290045005000,43.0,103.0
360290045005001,43.0,103.0
360290045005002,12.0,103.0
360290045005003,12.0,103.0
360290045005004,12.0,103.0
360290045005005,12.0,103.0
360290045005006,12.0,103.0
360290045005007,12.0,103.0
360290045005008,12.0,103.0
360290045005009,12.0,103.0
360290045005010,12.0,103.0
360290045005011,43.0,103.0
360290045005012,43.0,103.0
360290045006000,43.0,103.0
360290045006001,43.0,103.0
360290045006002,12.0,103.0
360290045006003,12.0,103.0
360290045006004,12.0,103.0
360290045006005,12.0,103.0
360290045006006,12.0,103.0
360290045006007,12.0,103.0
360290045006008,12.0,103.0
360290046011000,12.0,103.0
360290046011001,12.0,103.0
360290046011002,12.0,103.0
360290046011003,12.0,103.0
360290046011004,12.0,103.0
360290046011005,12.0,103.0
360290046011006,12.0,103.0
360290046011007,12.0,103.0
360290046012000,12.0,103.0
360290046012001,12.0,103.0
360290046012002,12.0,103.0
360290046012003,12.0,103.0
360290046012004,12.0,103.0
360290046012005,12.0,103.0
360290046012006,12.0,103.0
360290046012007,12.0,103.0
360290046012008,12.0,103.0
360290046013000,12.0,103.0
360290046013001,12.0,103.0
360290046013002,43.0,103.0
360290046013003,43.0,103.0
360290046013004,12.0,103.0
360290046013005,43.0,103.0
360290046013006,43.0,103.0
360290046013007,43.0,103.0
360290046013008,12.0,103.0
360290046013009,43.0,103.0
360290046013010,12.0,103.0
360290046014000,12.0,103.0
360290046014001,12.0,103.0
360290046014002,12.0,103.0
360290046014003,12.0,103.0
360290046014004,12.0,103.0
360290046014005,12.0,103.0
360290046014006,12.0,103.0
360290046014007,12.0,103.0
360290046014008,12.0,103.0
360290046014009,12.0,103.0
360290046014010,12.0,103.0
360290046014011,12.0,103.0
360290046014012,12.0,103.0
360290047011000,43.0,108.0
360290047011001,43.0,108.0
360290047011002,43.0,108.0
360290047011003,43.0,108.0
360290047011004,43.0,108.0
360290047011005,43.0,108.0
360290047011006,43.0,108.0
360290047012000,43.0,108.0
360290047012001,43.0,108.0
360290047012002,43.0,108.0
360290047012003,43.0,108.0
360290047012004,43.0,108.0
360290047012005,43.0,108.0
360290047012006,43.0,108.0
360290047012007,43.0,108.0
360290047021000,43.0,103.0
360290047021001,43.0,103.0
360290047021002,43.0,103.0
360290047021003,43.0,103.0
360290047021004,43.0,108.0
360290047021005,43.0,108.0
360290047021006,43.0,108.0
360290047021007,43.0,108.0
360290047022000,43.0,108.0
360290047022001,43.0,108.0
360290047022002,43.0,108.0
360290047022003,43.0,103.0
360290047022004,43.0,108.0
360290047022005,43.0,108.0
360290047022006,43.0,108.0
360290047022007,43.0,108.0
360290047022008,43.0,108.0
360290047022009,43.0,108.0
360290047022010,43.0,108.0
360290047023000,43.0,103.0
360290047023001,43.0,103.0
360290047023002,43.0,103.0
360290047023003,43.0,103.0
360290047023004,43.0,108.0
360290048001000,12.0,103.0
360290048001001,12.0,103.0
360290048001002,12.0,103.0
360290048001003,12.0,103.0
360290048001004,12.0,103.0
360290048001005,12.0,103.0
360290048001006,12.0,103.0
360290048001007,12.0,103.0
360290048002000,12.0,103.0
360290048002001,12.0,103.0
360290048002002,12.0,103.0
360290048002003,12.0,103.0
360290048002004,12.0,103.0
360290048002005,12.0,103.0
360290048002006,12.0,103.0
360290048002007,12.0,103.0
360290048002008,12.0,103.0
360290048002009,12.0,103.0
360290048002010,12.0,103.0
360290048002011,12.0,103.0
360290048002012,12.0,103.0
360290048002013,12.0,103.0
360290048002014,12.0,103.0
360290048003000,12.0,103.0
360290048003001,12.0,103.0
360290048003002,12.0,103.0
360290048003003,12.0,103.0
360290048003004,12.0,103.0
360290048003005,12.0,103.0
360290048003006,12.0,103.0
360290048003007,12.0,103.0
360290048003008,12.0,103.0
360290048003009,12.0,103.0
360290048003010,12.0,103.0
360290048003011,12.0,103.0
360290048003012,12.0,103.0
360290048003013,12.0,103.0
360290049011000,12.0,103.0
360290049011001,12.0,103.0
360290049011002,11.0,103.0
360290049011003,11.0,104.0
360290049011004,12.0,103.0
360290049011005,12.0,103.0
360290049012000,11.0,104.0
360290049012001,11.0,104.0
360290049012002,11.0,104.0
360290049012003,11.0,104.0
360290049012004,11.0,104.0
360290049021000,12.0,103.0
360290049021001,12.0,103.0
360290049021002,12.0,103.0
360290049021003,12.0,103.0
360290049021004,12.0,104.0
360290049021005,11.0,104.0
360290049021006,11.0,104.0
360290049022000,12.0,103.0
360290049022001,12.0,103.0
360290049022002,12.0,103.0
360290049022003,12.0,103.0
360290049022004,12.0,104.0
360290049022005,11.0,104.0
360290049022006,11.0,104.0
360290049023000,11.0,104.0
360290049023001,11.0,104.0
360290049023002,11.0,104.0
360290049023003,11.0,104.0
360290049023004,11.0,104.0
360290049023005,11.0,104.0
360290050001000,11.0,104.0
360290050001001,11.0,104.0
360290050001002,11.0,104.0
360290050001003,11.0,104.0
360290050001004,11.0,104.0
360290050001005,11.0,104.0
360290050002000,11.0,104.0
360290050002001,11.0,104.0
360290050002002,11.0,104.0
360290050002003,11.0,104.0
360290050002004,11.0,104.0
360290050002005,11.0,104.0
360290050003000,10.0,104.0
360290050003001,10.0,104.0
360290050003002,10.0,104.0
360290050003003,10.0,104.0
360290050003004,10.0,104.0
360290050003005,11.0,104.0
360290051001000,12.0,103.0
360290051001001,12.0,103.0
360290051001002,12.0,103.0
360290051001003,12.0,103.0
360290051001004,12.0,103.0
360290051001005,12.0,103.0
360290051001006,12.0,103.0
360290051001007,12.0,103.0
360290051001008,12.0,103.0
360290051001009,10.0,104.0
360290051001010,10.0,104.0
360290051001011,10.0,104.0
360290051001012,12.0,104.0
360290051001013,12.0,103.0
360290051002000,11.0,104.0
360290051002001,10.0,104.0
360290051002002,10.0,104.0
360290051002003,11.0,104.0
360290051003000,10.0,104.0
360290051003001,10.0,104.0
360290051003002,10.0,104.0
360290051003003,10.0,104.0
360290051003004,10.0,104.0
360290051003005,10.0,104.0
360290051004000,11.0,104.0
360290051004001,11.0,104.0
360290051004002,11.0,104.0
360290051004003,11.0,104.0
360290052011000,12.0,103.0
360290052011001,12.0,103.0
360290052011002,12.0,103.0
360290052011003,12.0,103.0
360290052011004,12.0,103.0
360290052011005,12.0,103.0
360290052011006,12.0,103.0
360290052011007,12.0,103.0
360290052011008,12.0,103.0
360290052012000,12.0,103.0
360290052012001,12.0,103.0
360290052012002,12.0,103.0
360290052012003,12.0,103.0
360290052012004,12.0,103.0
360290052012005,12.0,103.0
360290052013000,12.0,103.0
360290052013001,12.0,103.0
360290052013002,12.0,103.0
360290052013003,12.0,103.0
360290052013004,12.0,103.0
360290052013005,12.0,103.0
360290052013006,12.0,103.0
360290052013007,12.0,66.0
360290052013008,12.0,66.0
360290052013009,12.0,66.0
360290052014000,12.0,103.0
360290052014001,12.0,103.0
360290052014002,12.0,103.0
360290052014003,12.0,103.0
360290052014004,12.0,103.0
360290052014005,12.0,103.0
360290052014006,12.0,103.0
360290052021000,12.0,66.0
360290052021001,12.0,66.0
360290052021002,11.0,66.0
360290052021003,11.0,66.0
360290052021004,11.0,66.0
360290052021005,12.0,66.0
360290052021006,11.0,66.0
360290052021007,11.0,66.0
360290052021008,11.0,66.0
360290052021009,11.0,66.0
360290052021010,11.0,66.0
360290052022000,12.0,66.0
360290052022001,12.0,66.0
360290052022002,12.0,66.0
360290052022003,12.0,66.0
360290052022004,12.0,66.0
360290052022005,12.0,66.0
360290052022006,12.0,66.0
360290052022007,11.0,66.0
360290052022008,11.0,66.0
360290052022009,11.0,66.0
360290052022010,11.0,66.0
360290053001000,12.0,103.0
360290053001001,12.0,103.0
360290053001002,12.0,103.0
360290053001003,11.0,103.0
360290053001004,12.0,103.0
360290053001005,12.0,103.0
360290053001006,12.0,103.0
360290053001007,12.0,103.0
360290053001008,12.0,103.0
360290053001009,12.0,103.0
360290053001010,12.0,103.0
360290053001011,12.0,103.0
360290053001012,12.0,67.0
360290053001013,12.0,67.0
360290053001014,11.0,67.0
360290053001015,11.0,67.0
360290053002000,12.0,67.0
360290053002001,11.0,67.0
360290053002002,11.0,67.0
360290053002003,11.0,67.0
360290053002004,11.0,67.0
360290053002005,11.0,67.0
360290053002006,11.0,66.0
360290053002007,11.0,66.0
360290053002008,11.0,67.0
360290053002009,11.0,66.0
360290053002010,11.0,67.0
360290053002011,12.0,67.0
360290054001000,11.0,104.0
360290054001001,11.0,104.0
360290054001002,11.0,103.0
360290054001003,11.0,103.0
360290054001004,11.0,103.0
360290054001005,11.0,103.0
360290054001006,11.0,103.0
360290054001007,11.0,104.0
360290054001008,11.0,104.0
360290054001009,11.0,104.0
360290054001010,11.0,104.0
360290054001011,11.0,67.0
360290054001012,11.0,67.0
360290054001013,11.0,67.0
360290054001014,11.0,67.0
360290054002000,11.0,104.0
360290054002001,11.0,104.0
360290054002002,11.0,104.0
360290054002003,11.0,104.0
360290054002004,11.0,104.0
360290054002005,11.0,104.0
360290054002006,11.0,104.0
360290054003000,11.0,104.0
360290054003001,11.0,104.0
360290054003002,11.0,104.0
360290054003003,11.0,104.0
360290054003004,11.0,67.0
360290054003005,11.0,67.0
360290054003006,11.0,67.0
360290054003007,11.0,67.0
360290054004000,12.0,103.0
360290054004001,12.0,103.0
360290054004002,11.0,103.0
360290054004003,11.0,103.0
360290054004004,12.0,103.0
360290054004005,12.0,103.0
360290055001000,10.0,104.0
360290055001001,10.0,104.0
360290055001002,10.0,104.0
360290055001003,10.0,104.0
360290055001004,11.0,104.0
360290055001005,10.0,104.0
360290055001006,11.0,104.0
360290055002000,10.0,104.0
360290055002001,10.0,104.0
360290055002002,10.0,67.0
360290055002003,10.0,67.0
360290055002004,11.0,67.0
360290055003000,10.0,67.0
360290055003001,10.0,67.0
360290055003002,10.0,67.0
360290055003003,10.0,67.0
360290055003004,10.0,67.0
360290055003005,10.0,67.0
360290055003006,10.0,67.0
360290055003007,10.0,67.0
360290055003008,10.0,67.0
360290055003009,10.0,67.0
360290055003010,10.0,67.0
360290055003011,10.0,67.0
360290055003012,10.0,67.0
360290055004000,11.0,104.0
360290055004001,11.0,104.0
360290055004002,10.0,104.0
360290055004003,10.0,104.0
360290055004004,11.0,67.0
360290056001000,10.0,104.0
360290056001001,10.0,104.0
360290056001002,10.0,104.0
360290056001003,10.0,104.0
360290056001004,10.0,104.0
360290056001005,10.0,104.0
360290056001006,10.0,104.0
360290056002000,10.0,104.0
360290056002001,10.0,104.0
360290056002002,10.0,104.0
360290056002003,10.0,104.0
360290056002004,10.0,104.0
360290056002005,10.0,104.0
360290056002006,10.0,104.0
360290056002007,10.0,104.0
360290056002008,10.0,104.0
360290056002009,10.0,104.0
360290056003000,10.0,104.0
360290056003001,10.0,104.0
360290056003002,10.0,104.0
360290056003003,10.0,104.0
360290056003004,10.0,104.0
360290056003005,10.0,104.0
360290056003006,10.0,104.0
360290056003007,10.0,104.0
360290056003008,10.0,104.0
360290056003009,10.0,67.0
360290056003010,10.0,67.0
360290056004000,10.0,104.0
360290056004001,10.0,104.0
360290056004002,10.0,104.0
360290056004003,10.0,104.0
360290056004004,10.0,67.0
360290056004005,10.0,104.0
360290056004006,10.0,104.0
360290056005000,10.0,104.0
360290056005001,10.0,104.0
360290056005002,10.0,104.0
360290056005003,10.0,104.0
360290056005004,10.0,104.0
360290056005005,10.0,104.0
360290057001000,10.0,104.0
360290057001001,10.0,104.0
360290057001002,10.0,104.0
360290057001003,10.0,104.0
360290057001004,10.0,67.0
360290057002000,10.0,104.0
360290057002001,10.0,104.0
360290057002002,10.0,104.0
360290057002003,10.0,104.0
360290057002004,10.0,104.0
360290057002005,10.0,67.0
360290057002006,10.0,67.0
360290057003000,10.0,104.0
360290057003001,10.0,104.0
360290057003002,10.0,104.0
360290057003003,10.0,104.0
360290057003004,10.0,104.0
360290057003005,10.0,104.0
360290057003006,10.0,104.0
360290057003007,10.0,104.0
360290057003008,10.0,104.0
360290057003009,10.0,104.0
360290057003010,10.0,104.0
360290058011000,10.0,104.0
360290058011001,10.0,104.0
360290058011002,10.0,104.0
360290058011003,10.0,104.0
360290058011004,10.0,104.0
360290058011005,10.0,104.0
360290058011006,10.0,104.0
360290058011007,10.0,104.0
360290058011008,10.0,104.0
360290058011009,10.0,104.0
360290058011010,10.0,104.0
360290058011011,10.0,104.0
360290058011012,10.0,104.0
360290058011013,10.0,104.0
360290058011014,10.0,104.0
360290058011015,10.0,104.0
360290058012000,10.0,104.0
360290058012001,10.0,104.0
360290058012002,10.0,104.0
360290058012003,10.0,104.0
360290058012004,10.0,104.0
360290058012005,10.0,104.0
360290058012006,10.0,104.0
360290058012007,10.0,104.0
360290058012008,10.0,104.0
360290058013000,10.0,104.0
360290058013001,10.0,104.0
360290058013002,10.0,104.0
360290058013003,10.0,104.0
360290058013004,10.0,104.0
360290058013005,10.0,104.0
360290058013006,10.0,104.0
360290058021000,10.0,104.0
360290058021001,10.0,104.0
360290058021002,10.0,104.0
360290058021003,10.0,104.0
360290058021004,10.0,104.0
360290058021005,10.0,104.0
360290058021006,10.0,104.0
360290058022000,10.0,67.0
360290058022001,10.0,67.0
360290058022002,10.0,104.0
360290058022003,10.0,104.0
360290058022004,10.0,104.0
360290058022005,10.0,67.0
360290058022007,10.0,67.0
360290058022009,10.0,104.0
360290058022010,10.0,67.0
360290058022011,10.0,104.0
360290058022012,10.0,67.0
360290058022013,10.0,67.0
360290058023000,10.0,104.0
360290058023001,10.0,104.0
360290058023002,10.0,104.0
360290058023003,10.0,104.0
360290058023004,10.0,104.0
360290058024000,10.0,104.0
360290058024001,10.0,104.0
360290058024002,10.0,104.0
360290058024003,10.0,104.0
360290058024004,10.0,104.0
360290058024005,10.0,104.0
360290059001000,10.0,67.0
360290059001001,10.0,67.0
360290059001002,10.0,67.0
360290059001003,10.0,67.0
360290059001004,10.0,67.0
360290059001005,10.0,67.0
360290059001006,10.0,67.0
360290059001007,10.0,67.0
360290059001008,10.0,67.0
360290059002000,10.0,67.0
360290059002001,10.0,67.0
360290059002002,10.0,67.0
360290059002003,10.0,67.0
360290059002004,10.0,67.0
360290059002005,10.0,67.0
360290059002006,10.0,67.0
360290059002007,10.0,67.0
360290059002008,10.0,67.0
360290059003000,10.0,67.0
360290059003001,10.0,67.0
360290059003002,10.0,67.0
360290059003003,10.0,67.0
360290059003004,10.0,67.0
360290059003005,10.0,67.0
360290059003006,10.0,67.0
360290059003007,10.0,67.0
360290059004000,10.0,67.0
360290059004001,10.0,67.0
360290059004002,10.0,67.0
360290059004003,10.0,67.0
360290059004004,10.0,67.0
360290059004005,10.0,67.0
360290059004006,10.0,67.0
360290059005000,10.0,67.0
360290059005001,10.0,67.0
360290059005002,10.0,67.0
360290059005003,10.0,67.0
360290059005004,10.0,67.0
360290059005006,10.0,67.0
360290059005009,10.0,67.0
360290059005010,10.0,67.0
360290059005011,10.0,67.0
360290059005012,10.0,67.0
360290059005013,10.0,67.0
360290059005014,10.0,67.0
360290059005015,10.0,67.0
360290059005016,10.0,67.0
360290059005017,10.0,67.0
360290059005018,10.0,67.0
360290059005019,10.0,67.0
360290059005020,10.0,67.0
360290059005021,10.0,67.0
360290059005022,10.0,67.0
360290059005023,10.0,67.0
360290059005024,10.0,67.0
360290061001000,20.0,67.0
360290061001001,20.0,67.0
360290061001002,20.0,67.0
360290061001003,10.0,67.0
360290061001004,20.0,67.0
360290061001006,20.0,67.0
360290061001007,20.0,67.0
360290061001009,20.0,67.0
360290061001010,20.0,67.0
360290061001011,20.0,67.0
360290061001012,20.0,55.0
360290061001013,20.0,67.0
360290061001014,20.0,67.0
360290061001015,20.0,67.0
360290061001016,20.0,55.0
360290061001017,20.0,55.0
360290061001018,20.0,55.0
360290061001019,20.0,55.0
360290061001020,20.0,55.0
360290061001021,20.0,55.0
360290061001022,20.0,55.0
360290061001023,20.0,55.0
360290061001024,20.0,55.0
360290061001025,20.0,55.0
360290061001026,20.0,55.0
360290061001027,20.0,55.0
360290061002000,20.0,67.0
360290061002001,20.0,67.0
360290061002002,20.0,55.0
360290061002003,20.0,55.0
360290061002004,20.0,55.0
360290061002005,20.0,55.0
360290061003000,20.0,55.0
360290061003001,20.0,55.0
360290061003002,20.0,55.0
360290061003003,20.0,55.0
360290061003004,20.0,55.0
360290061003005,20.0,55.0
360290061003006,20.0,55.0
360290061003007,20.0,55.0
360290061003008,20.0,55.0
360290061003009,20.0,55.0
360290061003010,20.0,55.0
360290061003011,20.0,55.0
360290061004000,20.0,67.0
360290061004001,20.0,67.0
360290061004002,20.0,55.0
360290061004003,20.0,55.0
360290061004004,20.0,55.0
360290061004005,20.0,55.0
360290061004006,20.0,55.0
360290061004007,20.0,55.0
360290061005000,20.0,55.0
360290061005001,20.0,55.0
360290061005002,20.0,55.0
360290061005003,20.0,55.0
360290061005004,20.0,55.0
360290061005005,20.0,55.0
360290061005006,20.0,55.0
360290063011000,11.0,67.0
360290063011001,11.0,67.0
360290063011002,11.0,67.0
360290063011003,11.0,67.0
360290063011004,11.0,67.0
360290063011005,11.0,67.0
360290063012000,11.0,67.0
360290063012001,11.0,67.0
360290063012002,11.0,67.0
360290063012003,11.0,67.0
360290063012004,11.0,67.0
360290063012005,11.0,67.0
360290063012006,11.0,67.0
360290063012007,11.0,67.0
360290063013000,11.0,67.0
360290063013001,11.0,67.0
360290063013002,20.0,67.0
360290063013003,11.0,67.0
360290063013004,11.0,67.0
360290063014000,11.0,67.0
360290063014001,11.0,67.0
360290063014002,11.0,67.0
360290063014003,11.0,67.0
360290063014004,11.0,67.0
360290063014005,20.0,67.0
360290063014006,20.0,67.0
360290063014007,11.0,67.0
360290063015000,11.0,67.0
360290063015001,11.0,67.0
360290063015002,11.0,67.0
360290063015003,11.0,67.0
360290063015004,11.0,67.0
360290063015005,11.0,67.0
360290063021000,11.0,67.0
360290063021001,11.0,67.0
360290063021002,11.0,67.0
360290063021003,11.0,67.0
360290063021004,11.0,67.0
360290063021005,11.0,67.0
360290063021006,11.0,67.0
360290063021007,11.0,67.0
360290063021008,11.0,67.0
360290063021009,11.0,67.0
360290063021010,11.0,67.0
360290063021011,11.0,67.0
360290063021012,11.0,67.0
360290063021013,11.0,67.0
360290063022000,11.0,67.0
360290063022001,11.0,67.0
360290063022002,11.0,67.0
360290063022003,11.0,67.0
360290063022004,11.0,67.0
360290063022005,11.0,67.0
360290063022006,11.0,67.0
360290063023000,11.0,67.0
360290063023001,11.0,67.0
360290063023002,11.0,67.0
360290063023003,11.0,67.0
360290063023004,11.0,67.0
360290063023005,11.0,67.0
360290065011000,11.0,67.0
360290065011001,11.0,67.0
360290065011002,11.0,67.0
360290065011003,11.0,67.0
360290065011004,11.0,67.0
360290065011005,20.0,67.0
360290065011006,20.0,67.0
360290065011007,20.0,67.0
360290065012000,11.0,67.0
360290065012001,11.0,67.0
360290065012002,11.0,67.0
360290065012003,11.0,67.0
360290065012004,11.0,67.0
360290065012005,20.0,67.0
360290065012006,20.0,67.0
360290065012007,20.0,55.0
360290065012008,11.0,67.0
360290065012009,20.0,55.0
360290065013000,11.0,67.0
360290065013001,11.0,67.0
360290065013002,20.0,55.0
360290065013003,20.0,55.0
360290065013004,20.0,55.0
360290065013005,20.0,55.0
360290065014000,11.0,67.0
360290065014001,11.0,67.0
360290065014002,20.0,55.0
360290065014003,20.0,55.0
360290065014004,20.0,55.0
360290065014005,20.0,55.0
360290065014006,20.0,55.0
360290066011000,20.0,55.0
360290066011001,20.0,55.0
360290066011002,20.0,55.0
360290066011003,20.0,55.0
360290066011004,20.0,55.0
360290066011005,20.0,55.0
360290066012000,20.0,67.0
360290066012001,20.0,67.0
360290066012002,20.0,67.0
360290066012003,20.0,55.0
360290066012004,20.0,55.0
360290066012005,20.0,55.0
360290066012006,20.0,67.0
360290066012007,20.0,55.0
360290066012008,20.0,55.0
360290066012009,20.0,55.0
360290066012010,20.0,55.0
360290066012011,20.0,55.0
360290066012012,20.0,55.0
360290066013000,20.0,55.0
360290066013001,20.0,55.0
360290066013002,20.0,55.0
360290066013003,20.0,55.0
360290066013004,20.0,55.0
360290066013005,20.0,55.0
360290066013006,20.0,55.0
360290066021000,20.0,67.0
360290066021001,20.0,67.0
360290066021002,20.0,67.0
360290066021003,20.0,67.0
360290066022000,20.0,67.0
360290066022001,20.0,67.0
360290066022002,20.0,67.0
360290066022003,20.0,67.0
360290066023000,11.0,67.0
360290066023001,20.0,67.0
360290067011000,20.0,55.0
360290067011001,20.0,55.0
360290067011002,20.0,55.0
360290067011003,20.0,55.0
360290067011004,20.0,55.0
360290067011005,20.0,55.0
360290067011006,20.0,55.0
360290067011007,20.0,55.0
360290067011008,20.0,55.0
360290067011009,20.0,55.0
360290067011010,20.0,55.0
360290067012000,20.0,55.0
360290067012001,20.0,55.0
360290067012002,20.0,55.0
360290067012003,20.0,55.0
360290067012004,20.0,55.0
360290067013000,20.0,55.0
360290067013001,20.0,55.0
360290067014000,20.0,55.0
360290067014001,20.0,55.0
360290067021000,0.0,67.0
360290067021001,20.0,67.0
360290067021002,20.0,58.0
360290067021003,20.0,58.0
360290067021004,20.0,58.0
360290067021005,20.0,58.0
360290067022000,20.0,67.0
360290067022001,20.0,58.0
360290067022002,20.0,55.0
360290067022003,20.0,55.0
360290067022004,20.0,55.0
360290067022005,20.0,58.0
360290067023000,19.0,58.0
360290067023001,19.0,58.0
360290067024000,20.0,58.0
360290067024001,20.0,55.0
360290067024002,19.0,55.0
360290068011000,19.0,58.0
360290068011001,19.0,58.0
360290068011002,19.0,58.0
360290068011003,19.0,58.0
360290068011004,19.0,58.0
360290068011005,19.0,58.0
360290068011006,19.0,58.0
360290068011007,19.0,58.0
360290068011008,19.0,58.0
360290068011009,19.0,58.0
360290068011010,19.0,58.0
360290068011011,19.0,58.0
360290068011012,19.0,58.0
360290068011013,19.0,58.0
360290068011014,19.0,58.0
360290068011015,19.0,58.0
360290068021000,19.0,55.0
360290068021001,19.0,55.0
360290068021002,20.0,55.0
360290068021003,20.0,55.0
360290068021004,20.0,55.0
360290068021005,19.0,55.0
360290068022000,20.0,55.0
360290068022001,20.0,55.0
360290068022002,20.0,55.0
360290068022003,19.0,55.0
360290068022004,20.0,55.0
360290068022005,20.0,55.0
360290068022006,19.0,55.0
360290068022007,19.0,55.0
360290068022008,19.0,58.0
360290068022009,19.0,55.0
360290068022010,19.0,58.0
360290068023000,19.0,58.0
360290068023001,19.0,58.0
360290068023002,19.0,58.0
360290068023003,19.0,58.0
360290068023004,19.0,55.0
360290068023005,19.0,55.0
360290068023006,19.0,58.0
360290069011000,20.0,55.0
360290069011001,20.0,55.0
360290069011002,20.0,55.0
360290069011003,20.0,55.0
360290069011004,20.0,55.0
360290069011005,20.0,55.0
360290069011006,20.0,55.0
360290069012000,20.0,55.0
360290069012001,20.0,55.0
360290069012002,20.0,55.0
360290069012003,20.0,55.0
360290069012004,20.0,55.0
360290069013000,20.0,55.0
360290069013001,20.0,55.0
360290069013002,20.0,55.0
360290069013003,20.0,55.0
360290069013004,20.0,55.0
360290069013005,20.0,55.0
360290069013006,20.0,55.0
360290069013007,20.0,55.0
360290069013008,20.0,55.0
360290069013009,20.0,55.0
360290069013010,20.0,55.0
360290069013011,20.0,55.0
360290069013012,20.0,55.0
360290069014000,20.0,55.0
360290069014001,20.0,55.0
360290069014002,20.0,55.0
360290069014003,20.0,55.0
360290069014004,20.0,55.0
360290069031000,20.0,55.0
360290069031001,20.0,55.0
360290069031002,20.0,55.0
360290069031003,20.0,55.0
360290069031004,20.0,55.0
360290069031005,20.0,55.0
360290069031006,20.0,55.0
360290069031007,20.0,55.0
360290069031008,20.0,55.0
360290069031009,20.0,55.0
360290069031010,20.0,55.0
360290069031011,20.0,55.0
360290069031012,20.0,55.0
360290069031013,20.0,55.0
360290069031014,20.0,55.0
360290069031015,20.0,55.0
360290069041000,20.0,55.0
360290069041001,20.0,55.0
360290069041002,20.0,55.0
360290069041003,19.0,55.0
360290069041004,19.0,55.0
360290069041005,20.0,55.0
360290069042000,20.0,55.0
360290069042001,20.0,55.0
360290069042002,20.0,55.0
360290069042003,20.0,55.0
360290069042004,20.0,55.0
360290069042005,20.0,55.0
360290069042006,20.0,55.0
360290069042007,20.0,55.0
360290069043000,20.0,55.0
360290069043001,20.0,55.0
360290069043002,20.0,55.0
360290069043003,20.0,55.0
360290069043004,20.0,55.0
360290069043005,20.0,55.0
360290069043006,20.0,55.0
360290069043007,20.0,55.0
360290069043008,20.0,55.0
360290069043009,20.0,55.0
360290070001000,20.0,55.0
360290070001001,20.0,55.0
360290070001002,20.0,55.0
360290070001003,20.0,55.0
360290070001004,20.0,55.0
360290070001005,20.0,55.0
360290070001006,20.0,55.0
360290070001007,20.0,55.0
360290070001008,20.0,55.0
360290070001009,20.0,55.0
360290070001010,20.0,55.0
360290070001011,20.0,55.0
360290070001012,20.0,55.0
360290070001015,20.0,55.0
360290070002000,20.0,55.0
360290070002001,20.0,55.0
360290070002002,20.0,55.0
360290070002003,20.0,55.0
360290070002009,20.0,55.0
360290070002010,19.0,55.0
360290070002011,19.0,55.0
360290070002012,20.0,55.0
360290070002013,20.0,55.0
360290070002014,20.0,55.0
360290070002015,19.0,55.0
360290070002016,19.0,55.0
360290070002017,19.0,55.0
360290070002018,20.0,55.0
360290070002019,20.0,55.0
360290070003000,20.0,55.0
360290070003001,20.0,55.0
360290070003002,20.0,55.0
360290070003003,20.0,55.0
360290070003004,20.0,55.0
360290070003005,20.0,55.0
360290070003006,20.0,55.0
360290070003007,20.0,55.0
360290070003008,20.0,55.0
360290070003009,20.0,55.0
360290070003010,20.0,55.0
360290070003011,20.0,55.0
360290070003012,20.0,55.0
360290070003013,20.0,55.0
360290070003014,20.0,55.0
360290071021000,19.0,58.0
360290071021001,19.0,58.0
360290071021002,19.0,58.0
360290071021003,19.0,58.0
360290071021004,19.0,58.0
360290071021005,19.0,58.0
360290071021006,19.0,58.0
360290071021007,19.0,58.0
360290071021008,19.0,58.0
360290071021009,19.0,58.0
360290071021010,19.0,58.0
360290071022000,19.0,58.0
360290071022001,19.0,58.0
360290071022002,19.0,58.0
360290071022003,19.0,58.0
360290071022004,19.0,55.0
360290071022005,19.0,55.0
360290071022006,19.0,58.0
360290071022007,19.0,58.0
360290071022008,19.0,58.0
360290071022009,19.0,58.0
360290071023000,19.0,55.0
360290071023001,19.0,55.0
360290071023002,19.0,55.0
360290071023003,19.0,55.0
360290071023004,19.0,55.0
360290071023005,19.0,55.0
360290071023006,19.0,55.0
360290071031000,19.0,55.0
360290071031001,19.0,55.0
360290071031002,19.0,55.0
360290071031003,19.0,55.0
360290071032000,19.0,55.0
360290071032001,19.0,55.0
360290071032002,19.0,55.0
360290071032003,19.0,55.0
360290071032004,19.0,55.0
360290071032005,19.0,55.0
360290071032006,19.0,55.0
360290071032007,20.0,55.0
360290071032008,20.0,55.0
360290071032009,19.0,55.0
360290071041000,19.0,55.0
360290071041001,19.0,55.0
360290071041002,19.0,55.0
360290071041003,19.0,55.0
360290071041004,19.0,55.0
360290071041005,19.0,55.0
360290071042000,19.0,55.0
360290071042001,19.0,55.0
360290071042002,19.0,55.0
360290071042003,19.0,55.0
360290071042004,19.0,55.0
360290071042005,19.0,55.0
360290071042006,19.0,55.0
360290071042007,19.0,55.0
360290071043000,19.0,55.0
360290071043001,19.0,55.0
360290071043002,19.0,55.0
360290071043003,19.0,55.0
360290071044000,19.0,55.0
360290071044001,19.0,55.0
360290071044002,19.0,55.0
360290072021000,20.0,55.0
360290072021001,20.0,55.0
360290072021002,19.0,58.0
360290072021003,19.0,55.0
360290072021004,19.0,58.0
360290072021005,19.0,55.0
360290072021006,19.0,58.0
360290072021010,19.0,58.0
360290072021011,19.0,58.0
360290072021012,19.0,58.0
360290072021013,19.0,58.0
360290072021014,19.0,58.0
360290072021015,19.0,58.0
360290072021017,19.0,58.0
360290072021018,19.0,58.0
360290072021019,19.0,58.0
360290072021020,19.0,58.0
360290072021021,19.0,58.0
360290072021022,19.0,58.0
360290163001000,19.0,58.0
360290163001001,19.0,58.0
360290163001002,19.0,58.0
360290163001003,19.0,58.0
360290163001004,19.0,58.0
360290163001005,19.0,58.0
360290163001006,19.0,58.0
360290163001007,19.0,58.0
360290163001008,19.0,58.0
360290163001009,19.0,58.0
360290163001010,19.0,58.0
360290163001011,19.0,58.0
360290163001012,19.0,58.0
360290163001013,19.0,58.0
360290163001014,19.0,58.0
360290163001015,19.0,58.0
360290163001016,19.0,58.0
360290163001017,19.0,58.0
360290163001018,19.0,58.0
360290163001019,19.0,58.0
360290163001020,19.0,58.0
360290163001021,19.0,58.0
360290163001022,19.0,58.0
360290163001023,19.0,58.0
360290163002000,49.0,107.0
360290163002001,49.0,66.0
360290163002002,49.0,66.0
360290163002003,19.0,66.0
360290163002004,49.0,66.0
360290163002005,49.0,66.0
360290163002006,19.0,66.0
360290163002007,19.0,66.0
360290163002008,19.0,58.0
360290163002009,19.0,58.0
360290163002010,19.0,58.0
360290163002011,19.0,58.0
360290163002012,19.0,58.0
360290163002013,19.0,58.0
360290163002014,19.0,58.0
360290163003000,19.0,58.0
360290163003001,19.0,58.0
360290163003002,19.0,58.0
360290163003003,19.0,58.0
360290163003004,19.0,58.0
360290163003005,19.0,58.0
360290163003006,50.0,59.0
360290163003007,50.0,58.0
360290163003008,50.0,58.0
360290163003009,19.0,58.0
360290163003010,19.0,58.0
360290163003011,19.0,58.0
360290163003012,19.0,58.0
360290163003013,19.0,58.0
360290163003014,19.0,58.0
360290163003015,19.0,58.0
360290163003016,19.0,58.0
360290163003017,19.0,58.0
360290163003018,19.0,58.0
360290163003019,19.0,58.0
360290163003020,19.0,58.0
360290163003021,19.0,58.0
360290163003022,19.0,59.0
360290163003023,19.0,59.0
360290163003024,19.0,58.0
360290163003025,19.0,58.0
360290163003026,19.0,59.0
360290163003027,19.0,59.0
360290163003028,50.0,59.0
360290163003029,50.0,59.0
360290163003030,50.0,59.0
360290163003031,50.0,59.0
360290163003032,19.0,59.0
360290163003033,19.0,58.0
360290163003034,19.0,59.0
360290163003035,19.0,59.0
360290163003036,50.0,59.0
360290164001000,19.0,58.0
360290164001001,19.0,58.0
360290164001002,19.0,58.0
360290164001003,19.0,58.0
360290164001004,19.0,58.0
360290164001005,19.0,58.0
360290164001006,19.0,58.0
360290164001007,19.0,58.0
360290164001008,19.0,58.0
360290164001009,19.0,58.0
360290164001010,19.0,58.0
360290164001011,19.0,58.0
360290164001012,19.0,58.0
360290164001013,19.0,58.0
360290164001014,19.0,58.0
360290164001015,19.0,58.0
360290164001016,19.0,58.0
360290164001017,19.0,58.0
360290164001018,19.0,58.0
360290164001019,19.0,58.0
360290164001020,19.0,58.0
360290164002000,19.0,58.0
360290164002001,19.0,58.0
360290164002002,19.0,58.0
360290164002003,19.0,58.0
360290164002004,19.0,58.0
360290164002005,19.0,58.0
360290164002006,19.0,58.0
360290164002007,19.0,58.0
360290164002008,19.0,58.0
360290164002009,19.0,58.0
360290164002010,19.0,58.0
360290164002011,19.0,58.0
360290164002012,19.0,58.0
360290164002013,19.0,58.0
360290164002014,19.0,58.0
360290164002015,19.0,58.0
360290164002016,19.0,58.0
360290164002017,19.0,58.0
360290164002018,19.0,58.0
360290164002019,19.0,58.0
360290164002020,19.0,58.0
360290164002021,19.0,58.0
360290164002022,19.0,58.0
360290164002023,19.0,58.0
360290164002024,19.0,58.0
360290164002025,19.0,58.0
360290164002026,19.0,58.0
360290164002027,19.0,58.0
360290164002028,19.0,58.0
360290164002029,19.0,58.0
360290164002030,19.0,58.0
360290164002031,19.0,58.0
360290164002032,19.0,58.0
360290164002033,19.0,58.0
360290164002034,19.0,58.0
360290164002035,19.0,58.0
360290164002036,19.0,58.0
360290164002037,19.0,58.0
360290164002038,19.0,58.0
360290164003000,19.0,58.0
360290164003001,19.0,58.0
360290164003002,19.0,58.0
360290164003003,19.0,58.0
360290164003004,19.0,58.0
360290164003005,19.0,58.0
360290164003006,19.0,58.0
360290164003007,19.0,58.0
360290164003008,19.0,58.0
360290164003009,19.0,58.0
360290164003010,19.0,58.0
360290164003011,19.0,58.0
360290164003012,19.0,58.0
360290164003013,19.0,58.0
360290164003014,19.0,58.0
360290164003015,19.0,58.0
360290164003016,19.0,58.0
360290164003017,19.0,58.0
360290164003018,19.0,58.0
360290164003019,19.0,58.0
360290164003020,19.0,58.0
360290164003021,19.0,58.0
360290164003022,19.0,58.0
360290164003023,19.0,58.0
360290164003024,19.0,58.0
360290164004000,19.0,58.0
360290164004001,19.0,58.0
360290164004002,19.0,58.0
360290164004003,19.0,58.0
360290164004004,19.0,58.0
360290164004005,19.0,58.0
360290164004006,19.0,58.0
360290164005000,19.0,58.0
360290164005001,19.0,58.0
360290164005002,19.0,58.0
360290164005003,19.0,58.0
360290164005004,19.0,58.0
360290164005005,19.0,58.0
360290164005006,19.0,58.0
360290164005007,19.0,58.0
360290164005008,19.0,58.0
360290164005009,19.0,58.0
360290164005010,19.0,58.0
360290164005011,19.0,58.0
360290164005012,19.0,58.0
360290164005013,19.0,58.0
360290165001000,19.0,58.0
360290165001001,0.0,58.0
360290165001002,0.0,58.0
360290165001003,19.0,58.0
360290165001004,19.0,58.0
360290165001005,19.0,58.0
360290165001006,19.0,58.0
360290165001007,19.0,58.0
360290165001008,19.0,58.0
360290165001009,19.0,58.0
360290165001010,19.0,58.0
360290165001011,19.0,58.0
360290165001012,19.0,58.0
360290165001013,19.0,58.0
360290165001014,19.0,58.0
360290165001015,19.0,58.0
360290165001016,19.0,58.0
360290165001017,19.0,58.0
360290165001018,19.0,58.0
360290165001019,19.0,58.0
360290165001020,19.0,58.0
360290165001021,19.0,58.0
360290165001022,19.0,58.0
360290165001023,19.0,58.0
360290165001024,19.0,58.0
360290165001025,0.0,58.0
360290165001026,19.0,58.0
360290165001027,19.0,58.0
360290165001028,19.0,58.0
360290165001029,19.0,58.0
360290165001030,19.0,58.0
360290165001031,19.0,58.0
360290165001032,19.0,58.0
360290165001033,19.0,58.0
360290165001034,19.0,58.0
360290165001035,19.0,58.0
360290165001036,19.0,58.0
360290165001037,19.0,58.0
360290165001038,19.0,58.0
360290165001039,19.0,58.0
360290165001040,19.0,58.0
360290165001041,19.0,58.0
360290165001042,19.0,58.0
360290165001043,19.0,58.0
360290165001044,19.0,58.0
360290165001045,19.0,58.0
360290165001046,19.0,58.0
360290165001047,19.0,58.0
360290165001048,19.0,58.0
360290165001049,19.0,58.0
360290165001050,19.0,58.0
360290165001051,19.0,58.0
360290165001052,19.0,58.0
360290165001053,19.0,58.0
360290165001054,19.0,58.0
360290165001055,19.0,58.0
360290165001056,19.0,58.0
360290165001057,19.0,58.0
360290165001058,19.0,58.0
360290165001059,19.0,58.0
360290165001060,19.0,58.0
360290165001061,19.0,58.0
360290165001062,19.0,58.0
360290165001063,19.0,58.0
360290165001064,19.0,58.0
360290165001065,19.0,58.0
360290165001066,19.0,58.0
360290165001067,19.0,58.0
360290165001068,19.0,58.0
360290165001069,19.0,58.0
360290165001070,19.0,58.0
360290165001071,19.0,58.0
360290165001072,19.0,58.0
360290165001073,19.0,58.0
360290165001074,19.0,58.0
360290165001075,19.0,58.0
360290165001076,19.0,58.0
360290165001077,19.0,58.0
360290165001078,19.0,58.0
360290165001079,19.0,58.0
360290165001080,19.0,58.0
360290165001081,19.0,58.0
360290165001082,19.0,58.0
360290165001083,19.0,58.0
360290165001084,19.0,58.0
360290165001085,19.0,58.0
360290165001086,19.0,58.0
360290165001087,19.0,58.0
360290165001088,19.0,58.0
360290165001089,19.0,58.0
360290165001090,19.0,58.0
360290165001091,19.0,58.0
360290165001092,19.0,58.0
360290165001093,19.0,58.0
360290165001094,19.0,58.0
360290165001095,19.0,58.0
360290165001096,19.0,58.0
360290165001097,19.0,58.0
360290165001098,19.0,58.0
360290165001099,19.0,58.0
360290165001100,19.0,58.0
360290165001101,19.0,58.0
360290165001102,19.0,58.0
360290165001103,19.0,58.0
360290165001104,19.0,58.0
360290165001105,19.0,58.0
360290165001106,19.0,58.0
360290165001107,19.0,58.0
360290165001108,19.0,58.0
360290165002000,0.0,58.0
360290165002001,0.0,58.0
360290165002002,19.0,58.0
360290165002003,19.0,58.0
360290165002004,19.0,58.0
360290165002005,19.0,58.0
360290165002006,19.0,58.0
360290165002007,19.0,58.0
360290165002008,19.0,58.0
360290165002009,19.0,58.0
360290165002010,19.0,58.0
360290165002011,19.0,58.0
360290165002012,19.0,58.0
360290165002013,19.0,58.0
360290165002014,19.0,58.0
360290165002015,19.0,58.0
360290165002016,19.0,58.0
360290165002017,19.0,58.0
360290165002018,19.0,58.0
360290165002019,19.0,58.0
360290165002020,19.0,58.0
360290165002021,19.0,58.0
360290165002022,19.0,58.0
360290165002023,19.0,58.0
360290165002024,0.0,58.0
360290165002025,19.0,58.0
360290165002026,19.0,58.0
360290166001000,0.0,66.0
360290166001001,0.0,66.0
360290166001002,0.0,58.0
360290166001003,0.0,58.0
360290166001004,0.0,58.0
360290166001005,0.0,58.0
360290166001006,0.0,58.0
360290166002000,0.0,66.0
360290166002001,0.0,66.0
360290166002002,0.0,66.0
360290166002003,0.0,66.0
360290166002004,0.0,66.0
360290166002005,0.0,66.0
360290166003000,0.0,66.0
360290166003001,0.0,58.0
360290166003002,0.0,58.0
360290166003003,0.0,66.0
360290166003004,0.0,58.0
360290166003005,0.0,58.0
360290166004000,0.0,58.0
360290166004001,0.0,58.0
360290166004002,0.0,58.0
360290166004003,0.0,58.0
360290166004004,0.0,58.0
360290166004005,0.0,58.0
360290166004006,0.0,58.0
360290166004007,0.0,58.0
360290166004008,0.0,58.0
360290166004009,0.0,58.0
360290166004010,0.0,58.0
360290166004011,0.0,58.0
360290166004012,0.0,58.0
360290166004013,0.0,58.0
360290166004014,0.0,58.0
360290166004015,19.0,58.0
360290166004016,0.0,58.0
360290167001000,49.0,107.0
360290167001001,49.0,107.0
360290167001002,49.0,107.0
360290167001003,49.0,107.0
360290167001004,49.0,107.0
360290167001005,49.0,107.0
360290167001006,49.0,107.0
360290167001007,49.0,107.0
360290167001008,49.0,107.0
360290167001009,49.0,107.0
360290167002000,49.0,107.0
360290167002001,49.0,107.0
360290167002002,49.0,107.0
360290167002003,49.0,107.0
360290167002004,49.0,66.0
360290167002005,49.0,66.0
360290167003000,49.0,107.0
360290167003001,49.0,107.0
360290167003002,49.0,107.0
360290167003003,49.0,66.0
360290167003004,49.0,66.0
360290167003005,49.0,107.0
360290167003006,49.0,107.0
360290167003007,49.0,107.0
360290167003008,49.0,66.0
360290167003009,49.0,66.0
360290167003010,49.0,107.0
360290167003011,49.0,107.0
360290167003012,49.0,107.0
360290167003013,49.0,107.0
360290167003014,49.0,107.0
360290167003015,49.0,107.0
360290167003016,49.0,66.0
360290167003017,49.0,66.0
360290167003018,49.0,66.0
360290167003019,49.0,66.0
360290167003020,49.0,66.0
360290167003021,49.0,66.0
360290167003022,49.0,66.0
360290168011000,0.0,67.0
360290168011001,0.0,66.0
360290168011002,0.0,67.0
360290168011003,0.0,66.0
360290168011004,0.0,66.0
360290168011005,0.0,58.0
360290168011006,0.0,58.0
360290168011007,0.0,58.0
360290168011008,0.0,58.0
360290168011009,0.0,58.0
360290168011010,0.0,58.0
360290168011011,0.0,58.0
360290168012000,11.0,67.0
360290168012001,11.0,67.0
360290168012002,11.0,66.0
360290168012003,0.0,67.0
360290168012004,0.0,67.0
360290168012005,0.0,67.0
360290168012006,0.0,58.0
360290168012007,0.0,58.0
360290168012008,0.0,58.0
360290168012009,0.0,58.0
360290168012010,0.0,66.0
360290168012011,0.0,58.0
360290168012012,0.0,58.0
360290168012013,0.0,58.0
360290168012014,0.0,58.0
360290168012015,0.0,58.0
360290168012016,0.0,58.0
360290168012017,0.0,58.0
360290168021000,11.0,66.0
360290168021001,11.0,67.0
360290168021002,11.0,66.0
360290168021003,11.0,66.0
360290168021004,11.0,67.0
360290168021005,11.0,66.0
360290168021006,11.0,66.0
360290168021007,11.0,66.0
360290168021008,11.0,66.0
360290168021009,11.0,66.0
360290168021010,11.0,66.0
360290168021011,11.0,66.0
360290168021012,11.0,66.0
360290168021013,11.0,66.0
360290168021014,11.0,66.0
360290168021015,11.0,66.0
360290168021016,11.0,67.0
360290168021017,11.0,67.0
360290168022000,0.0,66.0
360290168022001,0.0,66.0
360290168022002,0.0,66.0
360290168022003,0.0,66.0
360290168022004,0.0,66.0
360290168022005,11.0,66.0
360290168022006,11.0,66.0
360290168022007,0.0,66.0
360290168022008,0.0,66.0
360290168022009,0.0,66.0
360290168022010,0.0,66.0
360290168022011,0.0,66.0
360290168022012,0.0,66.0
360290168022013,0.0,66.0
360290168022014,0.0,66.0
360290168022015,0.0,66.0
360290168022016,0.0,66.0
360290168022017,0.0,66.0
360290168022018,0.0,66.0
360290168022019,0.0,66.0
360290168022020,0.0,67.0
360290168022021,0.0,67.0
360290168022022,0.0,66.0
360290168022023,0.0,66.0
360290168022024,0.0,66.0
360290168022025,0.0,67.0
360290169001000,11.0,67.0
360290169001001,11.0,67.0
360290169001002,11.0,67.0
360290169001003,11.0,67.0
360290169001004,20.0,67.0
360290169002000,11.0,67.0
360290169002001,20.0,67.0
360290169002002,20.0,67.0
360290169002003,20.0,67.0
360290169002004,20.0,67.0
360290169003000,11.0,67.0
360290169003001,11.0,67.0
360290169003002,11.0,67.0
360290169003003,11.0,67.0
360290169003004,11.0,67.0
360290169003005,11.0,67.0
360290169004000,11.0,67.0
360290169004001,11.0,67.0
360290169004002,11.0,67.0
360290169004003,11.0,67.0
360290169004004,11.0,67.0
360290169004005,11.0,67.0
360290169004006,11.0,67.0
360290169004007,11.0,67.0
360290169004008,11.0,67.0
360290169004009,11.0,67.0
360290170001000,43.0,103.0
360290170001001,43.0,103.0
360290170001002,43.0,103.0
360290170001003,43.0,103.0
360290170001004,49.0,108.0
360290170001005,12.0,108.0
360290170001006,12.0,108.0
360290170001007,12.0,108.0
360290170001008,49.0,108.0
360290170001009,49.0,108.0
360290170001010,43.0,103.0
360290170002000,43.0,103.0
360290170002001,12.0,103.0
360290170002002,12.0,103.0
360290170002003,43.0,103.0
360290170002004,12.0,108.0
360290170002005,12.0,108.0
360290170002006,12.0,108.0
360290170002007,12.0,108.0
360290170002008,12.0,108.0
360290170002009,12.0,108.0
360290170002010,12.0,108.0
360290170002011,12.0,108.0
360290170002012,12.0,108.0
360290170002013,12.0,108.0
360290170002014,12.0,108.0
360290170002015,12.0,108.0
360290170002016,12.0,108.0
360290170002017,12.0,108.0
360290170003000,12.0,103.0
360290170003001,12.0,108.0
360290170003002,12.0,108.0
360290170003003,12.0,66.0
360290170003004,12.0,66.0
360290170003005,12.0,66.0
360290170003006,12.0,66.0
360290170003007,12.0,66.0
360290170003008,12.0,108.0
360290170003009,12.0,108.0
360290170003010,12.0,108.0
360290170003011,12.0,66.0
360290171001002,20.0,67.0
360290171001003,20.0,67.0
360290171001006,10.0,67.0
360290171001007,10.0,67.0
360290171001008,10.0,67.0
360290171001009,10.0,67.0
360290171001010,10.0,67.0
360290171001011,10.0,67.0
360290171001012,10.0,67.0
360290171001013,10.0,67.0
360290171001014,10.0,67.0
360290171001015,20.0,67.0
360290171001016,10.0,67.0
360290171001017,10.0,67.0
360290171001018,10.0,67.0
360290171002000,11.0,67.0
360290171002001,10.0,67.0
360290171002002,10.0,67.0
360290171002003,11.0,67.0
360290171002004,10.0,67.0
360290171002005,10.0,67.0
360290171003000,11.0,67.0
360290171003001,10.0,67.0
360290171003002,10.0,67.0
360290171003003,20.0,67.0
360290171003004,20.0,67.0
360290171003005,11.0,67.0
360290171004000,10.0,67.0
360290171004001,10.0,67.0
360290171004002,20.0,67.0
360290171004003,20.0,67.0
360290171004004,20.0,67.0
360290171004005,20.0,67.0
360290171005000,11.0,67.0
360290171005001,11.0,67.0
360290171005002,10.0,67.0
360290171005003,10.0,67.0
360290171005004,10.0,67.0
360290171005005,10.0,67.0
360290171005006,10.0,67.0
360290171005007,10.0,67.0
360290171005008,11.0,67.0
360299800001000,11.0,67.0
360299800001001,11.0,67.0
360299805001000,12.0,103.0
360299805001001,12.0,103.0
360299805001002,12.0,103.0
360299805001003,12.0,103.0
360299805001004,12.0,103.0
360299805001005,12.0,103.0
360299805001006,43.0,103.0
360299805001007,12.0,103.0
